-6.925 , 0.007883653865
-6.8855 , 0.008175427374
-6.846 , 0.008477999401
-6.8065 , 0.008791769599
-6.767 , 0.009117152412
-6.7275 , 0.00945457762
-6.688 , 0.009804490914
-6.6485 , 0.01016735447
-6.609 , 0.01054364759
-6.5695 , 0.01093386729
-6.53 , 0.011338529
-6.4905 , 0.01175816721
-6.451 , 0.0121933362
-6.4115 , 0.01264461077
-6.372 , 0.01311258698
-6.3325 , 0.01359788296
-6.293 , 0.01410113971
-6.2535 , 0.01462302196
-6.214 , 0.01516421903
-6.1745 , 0.01572544578
-6.135 , 0.01630744349
-6.0955 , 0.01691098089
-6.056 , 0.01753685518
-6.0165 , 0.01818589303
-5.977 , 0.01885895173
-5.9375 , 0.01955692029
-5.898 , 0.02028072062
-5.8585 , 0.02103130875
-5.819 , 0.0218096761
-5.7795 , 0.02261685077
-5.74 , 0.02345389892
-5.7005 , 0.02432192617
-5.661 , 0.02522207905
-5.6215 , 0.02615554653
-5.582 , 0.02712356158
-5.5425 , 0.02812740281
-5.503 , 0.02916839613
-5.4635 , 0.03024791654
-5.424 , 0.03136738994
-5.3845 , 0.03252829497
-5.345 , 0.03373216501
-5.3055 , 0.03498059021
-5.266 , 0.03627521955
-5.2265 , 0.03761776303
-5.187 , 0.03900999395
-5.1475 , 0.04045375125
-5.108 , 0.04195094191
-5.0685 , 0.0435035435
-5.029 , 0.04511360678
-4.9895 , 0.04678325838
-4.95 , 0.04851470369
-4.9105 , 0.05031022967
-4.871 , 0.05217220794
-4.8315 , 0.05410309791
-4.792 , 0.05610545
-4.7525 , 0.05818190899
-4.713 , 0.0603352176
-4.6735 , 0.06256822002
-4.634 , 0.06488386571
-4.5945 , 0.0672852133
-4.555 , 0.0697754346
-4.5155 , 0.07235781883
-4.476 , 0.07503577692
-4.4365 , 0.07781284607
-4.397 , 0.08069269437
-4.3575 , 0.08367912565
-4.318 , 0.08677608457
-4.2785 , 0.08998766173
-4.239 , 0.09331809915
-4.1995 , 0.09677179583
-4.16 , 0.1003533136
-4.1205 , 0.1040673831
-4.081 , 0.1079189101
-4.0415 , 0.1119129818
-4.002 , 0.1160548739
-3.9625 , 0.1203500571
-3.923 , 0.1248042048
-3.8835 , 0.1294232002
-3.844 , 0.1342131442
-3.8045 , 0.1391803638
-3.765 , 0.1443314199
-3.7255 , 0.1496731162
-3.686 , 0.1552125084
-3.6465 , 0.1609569131
-3.607 , 0.1669139178
-3.5675 , 0.1730913909
-3.528 , 0.1794974918
-3.4885 , 0.1861406821
-3.449 , 0.1930297365
-3.4095 , 0.2001737543
-3.37 , 0.2075821717
-3.3305 , 0.2152647742
-3.291 , 0.2232317093
-3.2515 , 0.2314935001
-3.212 , 0.2400610592
-3.1725 , 0.2489457032
-3.133 , 0.2581591672
-3.0935 , 0.2677136209
-3.054 , 0.2776216844
-3.0145 , 0.2878964446
-2.975 , 0.298551473
-2.9355 , 0.3096008433
-2.896 , 0.32105915
-2.8565 , 0.332941528
-2.817 , 0.3452636719
-2.7775 , 0.3580418576
-2.738 , 0.3712929631
-2.6985 , 0.3850344912
-2.659 , 0.3992845923
-2.6195 , 0.4140620887
-2.58 , 0.4293864992
-2.5405 , 0.4452780652
-2.501 , 0.461757777
-2.4615 , 0.4788474018
-2.422 , 0.4965695125
-2.3825 , 0.5149475174
-2.343 , 0.534005691
-2.3035 , 0.5537692064
-2.264 , 0.5742641681
-2.2245 , 0.5955176471
-2.185 , 0.6175577159
-2.1455 , 0.6404134861
-2.106 , 0.664115147
-2.0665 , 0.6886940047
-2.027 , 0.7141825243
-1.9875 , 0.7406143724
-1.948 , 0.7680244614
-1.9085 , 0.796448996
-1.869 , 0.8259255207
-1.8295 , 0.8564929697
-1.79 , 0.888191718
-1.7505 , 0.9210636348
-1.711 , 0.9551521391
-1.6715 , 0.9905022567
-1.632 , 1.02716068
-1.5925 , 1.065175829
-1.553 , 1.104597916
-1.5135 , 1.145479012
-1.474 , 1.187873114
-1.4345 , 1.23183622
-1.395 , 1.277426397
-1.3555 , 1.324703863
-1.316 , 1.373731066
-1.2765 , 1.424572762
-1.237 , 1.477296106
-1.1975 , 1.531970737
-1.158 , 1.588668873
-1.1185 , 1.647465403
-1.079 , 1.708437989
-1.0395 , 1.771667166
-1 , 1.837236451
-0.9605 , 1.902996601
-0.921 , 1.966694065
-0.8815 , 2.028259969
-0.842 , 2.087627861
-0.8025 , 2.144733786
-0.763 , 2.199516357
-0.7235 , 2.251916827
-0.684 , 2.301879164
-0.6445 , 2.349350116
-0.605 , 2.394279282
-0.5655 , 2.436619183
-0.526 , 2.476325323
-0.4865 , 2.51335626
-0.447 , 2.547673672
-0.4075 , 2.579242413
-0.368 , 2.60803059
-0.3285 , 2.634009615
-0.289 , 2.657154276
-0.2495 , 2.677442801
-0.21 , 2.694856923
-0.1705 , 2.709381949
-0.131 , 2.72100683
-0.0915 , 2.729724235
-0.052 , 2.735530628
-0.0125 , 2.738426356
0.027 , 2.738415734
0.0665 , 2.735507147
0.106 , 2.729713159
0.1455 , 2.721050635
0.185 , 2.709540876
0.2245 , 2.695209775
0.264 , 2.678087996
0.3035 , 2.65821117
0.343 , 2.635620135
0.3825 , 2.610361202
0.422 , 2.58248647
0.4615 , 2.55205419
0.501 , 2.519129196
0.5405 , 2.483783409
0.58 , 2.44609642
0.6195 , 2.406156192
0.659 , 2.364059874
0.6985 , 2.319914773
0.738 , 2.273839493
0.7775 , 2.225965286
0.817 , 2.176437645
0.8565 , 2.125418184
0.896 , 2.073086853
0.9355 , 2.019644531
0.975 , 1.965316055
1.0145 , 1.910630845
1.054 , 1.858799145
1.0935 , 1.810694365
1.133 , 1.766356915
1.1725 , 1.725834308
1.212 , 1.689179709
1.2515 , 1.656450202
1.291 , 1.627704787
1.3305 , 1.60300217
1.37 , 1.58239841
1.4095 , 1.565944546
1.449 , 1.553684314
1.4885 , 1.545652117
1.528 , 1.541871365
1.5675 , 1.542353323
1.607 , 1.547096547
1.6465 , 1.556086954
1.686 , 1.569298528
1.7255 , 1.586694598
1.765 , 1.608229585
1.8045 , 1.633851112
1.844 , 1.663502313
1.8835 , 1.697124214
1.923 , 1.734658059
1.9625 , 1.776047485
2.002 , 1.821240462
2.0415 , 1.870190969
2.081 , 1.922860368
2.1205 , 1.979218502
2.16 , 2.039244516
2.1995 , 2.102927432
2.239 , 2.170266524
2.2785 , 2.24127152
2.318 , 2.315962656
2.3575 , 2.394370641
2.397 , 2.476536535
2.4365 , 2.562511576
2.476 , 2.652356985
2.5155 , 2.746143744
2.555 , 2.843952382
2.5945 , 2.945872764
2.634 , 3.052003901
2.6735 , 3.162453775
2.713 , 3.277339194
2.7525 , 3.396785673
2.792 , 3.520927343
2.8315 , 3.649906888
2.871 , 3.783875512
2.9105 , 3.922662473
2.95 , 4.059839814
2.9895 , 4.192743422
3.029 , 4.321207387
3.0685 , 4.445074189
3.108 , 4.564194212
3.1475 , 4.678425383
3.187 , 4.787632911
3.2265 , 4.891689095
3.266 , 4.990473195
3.3055 , 5.083871341
3.345 , 5.171776474
3.3845 , 5.254088316
3.424 , 5.330713353
3.4635 , 5.401564834
3.503 , 5.466562781
3.5425 , 5.525633999
3.582 , 5.578712101
3.6215 , 5.625737524
3.661 , 5.66665755
3.7005 , 5.701426327
3.74 , 5.730004889
3.7795 , 5.752361168
3.819 , 5.768470005
3.8585 , 5.77831316
3.898 , 5.781879312
3.9375 , 5.779164057
3.977 , 5.770169902
4.0165 , 5.754906246
4.056 , 5.733389363
4.0955 , 5.705642376
4.135 , 5.671695224
4.1745 , 5.631584622
4.214 , 5.585354017
4.2535 , 5.533053533
4.293 , 5.474739918
4.3325 , 5.410476471
4.372 , 5.340332974
4.4115 , 5.264385615
4.451 , 5.1827169
4.4905 , 5.09541556
4.53 , 5.002576456
4.5695 , 4.904300473
4.609 , 4.800694409
4.6485 , 4.691870857
4.688 , 4.577948083
4.7275 , 4.459049896
4.767 , 4.335305514
4.8065 , 4.206849422
4.846 , 4.073821226
4.8855 , 3.936365501
4.925 , 3.796490629
4.9645 , 3.660997359
5.004 , 3.530339719
5.0435 , 3.404345131
5.083 , 3.282847173
5.1225 , 3.165685367
5.162 , 3.052704958
5.2015 , 2.943756717
5.241 , 2.838696738
5.2805 , 2.737386253
5.32 , 2.639691447
5.3595 , 2.545483279
5.399 , 2.454637314
5.4385 , 2.367033559
5.478 , 2.282556301
5.5175 , 2.201093959
5.557 , 2.122538933
5.5965 , 2.046787464
5.636 , 1.973739496
5.6755 , 1.903298542
5.715 , 1.835371562
5.7545 , 1.769868833
5.794 , 1.706703837
5.8335 , 1.645793141
5.873 , 1.587056293
5.9125 , 1.530415709
5.952 , 1.475796575
5.9915 , 1.423126748
6.031 , 1.372336659
6.0705 , 1.323359221
6.11 , 1.276129744
6.1495 , 1.230585843
6.189 , 1.186667362
6.2285 , 1.144316292
6.268 , 1.103476692
6.3075 , 1.064094621
6.347 , 1.026118059
6.3865 , 0.9894968463
6.426 , 0.9541826108
6.4655 , 0.9201287081
6.505 , 0.887290158
6.5445 , 0.8556235856
6.584 , 0.8250871641
6.6235 , 0.7956405596
6.663 , 0.7672448773
6.7025 , 0.7398626109
6.742 , 0.7134575926
6.7815 , 0.6879949451
6.821 , 0.6634410361
6.8605 , 0.6397634337
6.9 , 0.6169308632
6.9395 , 0.5949131662
6.979 , 0.5736812606
7.0185 , 0.5532071023
7.058 , 0.5334636479
7.0975 , 0.5144248194
7.137 , 0.4960654691
7.1765 , 0.4783613472
7.216 , 0.4612890692
7.2555 , 0.4448260852
7.295 , 0.42895065
7.3345 , 0.4136417945
7.374 , 0.398879298
7.4135 , 0.3846436615
7.453 , 0.3709160818
7.4925 , 0.3576784268
7.532 , 0.3449132117
7.5715 , 0.3326035753
7.611 , 0.3207332586
7.6505 , 0.3092865826
7.69 , 0.298248428
7.7295 , 0.287604215
7.769 , 0.2773398842
7.8085 , 0.2674418779
7.848 , 0.2578971225
7.8875 , 0.2486930106
7.927 , 0.239817385
7.9665 , 0.2312585223
8.006 , 0.2230051177
8.0455 , 0.2150462694
8.085 , 0.2073714652
8.1245 , 0.1999705677
8.164 , 0.1928338014
8.2035 , 0.1859517398
8.243 , 0.1793152927
8.2825 , 0.1729156943
8.322 , 0.1667444916
8.3615 , 0.1607935336
8.401 , 0.1550549598
8.4405 , 0.1495211904
8.48 , 0.1441849162
8.5195 , 0.1390390887
8.559 , 0.134076911
8.5985 , 0.129291829
8.638 , 0.1246775221
8.6775 , 0.1202278957
8.717 , 0.1159370723
8.7565 , 0.1117993844
8.796 , 0.1078093669
8.8355 , 0.1039617494
8.875 , 0.1002514499
8.9145 , 0.09667356751
8.954 , 0.09322337651
8.9935 , 0.08989631965
9.033 , 0.08668800241
9.0725 , 0.08359418707
9.112 , 0.08061078716
9.1515 , 0.07773386206
9.191 , 0.07495961177
9.2305 , 0.07228437194
9.27 , 0.06970460897
9.3095 , 0.06721691537
9.349 , 0.06481800527
9.3885 , 0.06250471008
9.428 , 0.06027397427
9.4675 , 0.05812285138
9.507 , 0.0560485001
9.5465 , 0.05404818051
9.586 , 0.05211925049
9.6255 , 0.05025916221
9.665 , 0.04846545878
9.7045 , 0.04673577099
9.744 , 0.04506781416
9.7835 , 0.04345938518
9.823 , 0.04190835956
9.8625 , 0.04041268863
9.902 , 0.03897039682
9.9415 , 0.03757957908
9.981 , 0.03623839835
10.0205 , 0.03494508313
10.06 , 0.03369792514
10.0995 , 0.03249527708
10.139 , 0.03133555043
10.1785 , 0.03021721336
10.218 , 0.02913878872
10.2575 , 0.02809885206
10.297 , 0.02709602978
10.3365 , 0.02612899732
10.376 , 0.02519647736
10.4155 , 0.02429723817
10.455 , 0.02343009202
10.4945 , 0.02259389351
10.534 , 0.02178753816
10.5735 , 0.0210099609
10.613 , 0.02026013465
10.6525 , 0.01953706902
10.692 , 0.01883980893
10.7315 , 0.01816743342
10.771 , 0.01751905438
10.8105 , 0.01689381538
10.85 , 0.0162908906
10.8895 , 0.01570948365
10.929 , 0.01514882658
10.9685 , 0.01460817884
11.008 , 0.01408682633
11.0475 , 0.01358408041
11.087 , 0.01309927703
11.1265 , 0.01263177584
11.166 , 0.01218095934
11.2055 , 0.01174623207
11.245 , 0.01132701981
11.2845 , 0.01092276886
11.324 , 0.01053294525
11.3635 , 0.01015703409
11.403 , 0.009794538854
11.4425 , 0.009444980741
11.482 , 0.009107898036
11.5215 , 0.008782845504
11.561 , 0.008469393799
11.6005 , 0.008167128898
11.64 , 0.007875651554
11.6795 , 0.007594576769
11.719 , 0.007323533286
11.7585 , 0.007062163096
11.798 , 0.006810120969
11.8375 , 0.006567073994
11.877 , 0.006332701143
11.9165 , 0.006106692844
11.956 , 0.005888750574
11.9955 , 0.005678586464
12.035 , 0.005475922918
12.0745 , 0.005280492249
12.114 , 0.005092036321
12.1535 , 0.004910306212
12.193 , 0.004735061885
12.2325 , 0.004566071867
12.272 , 0.004403112947
12.3115 , 0.004245969882
12.351 , 0.004094435109
12.3905 , 0.003948308473
12.43 , 0.003807396963
12.4695 , 0.003671514456
12.509 , 0.00354048147
12.5485 , 0.003414124932
12.588 , 0.003292277943
12.6275 , 0.003174779561
12.667 , 0.003061474589
12.7065 , 0.002952213367
12.746 , 0.002846851578
12.7855 , 0.002745250055
12.825 , 0.002647274597
