-6.925 , 0.004857296424
-6.8855 , 0.005037064644
-6.846 , 0.005223486074
-6.8065 , 0.005416806948
-6.767 , 0.005617282616
-6.7275 , 0.005825177874
-6.688 , 0.006040767323
-6.6485 , 0.006264335722
-6.609 , 0.006496178374
-6.5695 , 0.006736601506
-6.53 , 0.006985922683
-6.4905 , 0.00724447122
-6.451 , 0.007512588622
-6.4115 , 0.00779062903
-6.372 , 0.008078959696
-6.3325 , 0.008377961461
-6.293 , 0.008688029262
-6.2535 , 0.009009572651
-6.214 , 0.00934301634
-6.1745 , 0.009688800757
-6.135 , 0.01004738263
-6.0955 , 0.0104192356
-6.056 , 0.01080485082
-6.0165 , 0.01120473764
-5.977 , 0.01161942424
-5.9375 , 0.01204945836
-5.898 , 0.01249540802
-5.8585 , 0.01295786225
-5.819 , 0.01343743187
-5.7795 , 0.01393475034
-5.74 , 0.01445047453
-5.7005 , 0.01498528564
-5.661 , 0.01553989007
-5.6215 , 0.01611502037
-5.582 , 0.01671143621
-5.5425 , 0.01732992536
-5.503 , 0.01797130476
-5.4635 , 0.01863642156
-5.424 , 0.01932615429
-5.3845 , 0.02004141398
-5.345 , 0.02078314539
-5.3055 , 0.02155232823
-5.266 , 0.02234997847
-5.2265 , 0.0231771497
-5.187 , 0.02403493448
-5.1475 , 0.02492446582
-5.108 , 0.02584691865
-5.0685 , 0.0268035114
-5.029 , 0.02779550759
-4.9895 , 0.02882421749
-4.95 , 0.02989099988
-4.9105 , 0.03099726381
-4.871 , 0.0321444705
-4.8315 , 0.03333413523
-4.792 , 0.03456782937
-4.7525 , 0.03584718245
-4.713 , 0.03717388431
-4.6735 , 0.03854968731
-4.634 , 0.03997640869
-4.5945 , 0.04145593294
-4.555 , 0.04299021428
-4.5155 , 0.04458127927
-4.476 , 0.04623122947
-4.4365 , 0.04794224422
-4.397 , 0.04971658351
-4.3575 , 0.05155659098
-4.318 , 0.05346469701
-4.2785 , 0.05544342192
-4.239 , 0.0574953793
-4.1995 , 0.05962327949
-4.16 , 0.06182993313
-4.1205 , 0.06411825487
-4.081 , 0.06649126725
-4.0415 , 0.06895210466
-4.002 , 0.0715040175
-3.9625 , 0.07415037646
-3.923 , 0.076894677
-3.8835 , 0.07974054392
-3.844 , 0.08269173618
-3.8045 , 0.08575215188
-3.765 , 0.08892583335
-3.7255 , 0.09221697257
-3.686 , 0.09562991664
-3.6465 , 0.09916917354
-3.607 , 0.1028394181
-3.5675 , 0.1066454982
-3.528 , 0.110592441
-3.4885 , 0.11468546
-3.449 , 0.1189299613
-3.4095 , 0.1233315513
-3.37 , 0.1278960438
-3.3305 , 0.132629468
-3.291 , 0.1375380758
-3.2515 , 0.1426283509
-3.212 , 0.1479070168
-3.1725 , 0.1533810457
-3.133 , 0.1590576681
-3.0935 , 0.1649443819
-3.054 , 0.1710489625
-3.0145 , 0.1773794733
-2.975 , 0.1839442759
-2.9355 , 0.1907520414
-2.896 , 0.1978117619
-2.8565 , 0.2051327621
-2.817 , 0.2127247121
-2.7775 , 0.2205976397
-2.738 , 0.2287619437
-2.6985 , 0.2372284082
-2.659 , 0.2460082159
-2.6195 , 0.2551129637
-2.58 , 0.2645546777
-2.5405 , 0.2743458288
-2.501 , 0.2844993498
-2.4615 , 0.295028652
-2.422 , 0.3059476429
-2.3825 , 0.3172707449
-2.343 , 0.3290129143
-2.3035 , 0.3411896605
-2.264 , 0.3538170673
-2.2245 , 0.3669118136
-2.185 , 0.3804911956
-2.1455 , 0.3945731496
-2.106 , 0.4091762758
-2.0665 , 0.4243198628
-2.027 , 0.4400239129
-1.9875 , 0.4563091688
-1.948 , 0.473197141
-1.9085 , 0.490710136
-1.869 , 0.5088712857
-1.8295 , 0.5277045784
-1.79 , 0.5472348899
-1.7505 , 0.5674880171
-1.711 , 0.5884907111
-1.6715 , 0.6102707135
-1.632 , 0.6328567923
-1.5925 , 0.6562787804
-1.553 , 0.6805676147
-1.5135 , 0.7057553772
-1.474 , 0.7318753371
-1.4345 , 0.7589619949
-1.395 , 0.7870511283
-1.3555 , 0.8161798385
-1.316 , 0.8463866005
-1.2765 , 0.8777113126
-1.237 , 0.9101953504
-1.1975 , 0.9438816202
-1.158 , 0.9788146166
-1.1185 , 1.015040481
-1.079 , 1.052607062
-1.0395 , 1.09156398
-1 , 1.131962691
-0.9605 , 1.172488509
-0.921 , 1.211763003
-0.8815 , 1.249744623
-0.842 , 1.286393441
-0.8025 , 1.321671199
-0.763 , 1.355541358
-0.7235 , 1.387969147
-0.684 , 1.418921618
-0.6445 , 1.448367695
-0.605 , 1.476278233
-0.5655 , 1.502626073
-0.526 , 1.5273861
-0.4865 , 1.550535306
-0.447 , 1.572052846
-0.4075 , 1.591920109
-0.368 , 1.610120783
-0.3285 , 1.626640928
-0.289 , 1.641469048
-0.2495 , 1.654596174
-0.21 , 1.66601595
-0.1705 , 1.675724727
-0.131 , 1.683721658
-0.0915 , 1.690008815
-0.052 , 1.694591304
-0.0125 , 1.697477402
0.027 , 1.6986787
0.0665 , 1.698210269
0.106 , 1.696090841
0.1455 , 1.692343014
0.185 , 1.686993484
0.2245 , 1.680073298
0.264 , 1.671618151
0.3035 , 1.661668712
0.343 , 1.650270993
0.3825 , 1.637476775
0.422 , 1.623344076
0.4615 , 1.607937688
0.501 , 1.591329777
0.5405 , 1.573600561
0.58 , 1.55483906
0.6195 , 1.535143941
0.659 , 1.514624438
0.6985 , 1.493401371
0.738 , 1.471608241
0.7775 , 1.449392393
0.817 , 1.426916233
0.8565 , 1.404358453
0.896 , 1.381915213
0.9355 , 1.359801216
0.975 , 1.338250549
1.0145 , 1.317668668
1.054 , 1.299900257
1.0935 , 1.285451451
1.133 , 1.274357702
1.1725 , 1.26664792
1.212 , 1.262343097
1.2515 , 1.261455285
1.291 , 1.263987001
1.3305 , 1.269931098
1.37 , 1.279271121
1.4095 , 1.291982122
1.449 , 1.308031855
1.4885 , 1.327382288
1.528 , 1.349991312
1.5675 , 1.375814547
1.607 , 1.404807152
1.6465 , 1.436925543
1.686 , 1.472128968
1.7255 , 1.510380888
1.765 , 1.551650143
1.8045 , 1.595911899
1.844 , 1.643148381
1.8835 , 1.693349416
1.923 , 1.746512798
1.9625 , 1.802644516
2.002 , 1.861758858
2.0415 , 1.923878426
2.081 , 1.989034081
2.1205 , 2.057264838
2.16 , 2.128617734
2.1995 , 2.203147665
2.239 , 2.280917237
2.2785 , 2.3619966
2.318 , 2.446463301
2.3575 , 2.534402151
2.397 , 2.625905108
2.4365 , 2.72107118
2.476 , 2.820006347
2.5155 , 2.922823512
2.555 , 3.029642472
2.5945 , 3.140589906
2.634 , 3.255799393
2.6735 , 3.375411451
2.713 , 3.49957359
2.7525 , 3.628440395
2.792 , 3.762173625
2.8315 , 3.900942328
2.871 , 4.044922979
2.9105 , 4.193945633
2.95 , 4.341138445
2.9895 , 4.483665038
3.029 , 4.621363023
3.0685 , 4.754076523
3.108 , 4.881656099
3.1475 , 5.003958734
3.187 , 5.120847837
3.2265 , 5.232193271
3.266 , 5.337871404
3.3055 , 5.437765158
3.345 , 5.531764079
3.3845 , 5.619764399
3.424 , 5.701669108
3.4635 , 5.777388021
3.503 , 5.846837847
3.5425 , 5.909942255
3.582 , 5.966631933
3.6215 , 6.016844646
3.661 , 6.060525289
3.7005 , 6.097625933
3.74 , 6.128105864
3.7795 , 6.151931622
3.819 , 6.169077025
3.8585 , 6.179523192
3.898 , 6.183258557
3.9375 , 6.180278878
3.977 , 6.170587233
4.0165 , 6.154194017
4.056 , 6.131116924
4.0955 , 6.101380926
4.135 , 6.065018245
4.1745 , 6.022068313
4.214 , 5.972577727
4.2535 , 5.916600199
4.293 , 5.854196496
4.3325 , 5.78543437
4.372 , 5.710388486
4.4115 , 5.629140337
4.451 , 5.541778158
4.4905 , 5.448396828
4.53 , 5.349097765
4.5695 , 5.243988817
4.609 , 5.133184143
4.6485 , 5.016804092
4.688 , 4.894975066
4.7275 , 4.767829388
4.767 , 4.635505155
4.8065 , 4.498146089
4.846 , 4.355901381
4.8855 , 4.208925529
4.925 , 4.059365322
4.9645 , 3.914490294
5.004 , 3.774785724
5.0435 , 3.640067082
5.083 , 3.510156424
5.1225 , 3.384882159
5.162 , 3.264078818
5.2015 , 3.147586837
5.241 , 3.035252348
5.2805 , 2.926926974
5.32 , 2.822467633
5.3595 , 2.72173635
5.399 , 2.624600075
5.4385 , 2.530930504
5.478 , 2.440603914
5.5175 , 2.353500998
5.557 , 2.269506705
5.5965 , 2.188510091
5.636 , 2.110404172
5.6755 , 2.035085781
5.715 , 1.962455435
5.7545 , 1.8924172
5.794 , 1.824878565
5.8335 , 1.759750321
5.873 , 1.696946446
5.9125 , 1.636383982
5.952 , 1.577982938
5.9915 , 1.521666173
6.031 , 1.467359303
6.0705 , 1.414990594
6.11 , 1.364490877
6.1495 , 1.315793448
6.189 , 1.268833986
6.2285 , 1.223550464
6.268 , 1.17988307
6.3075 , 1.137774125
6.347 , 1.097168009
6.3865 , 1.058011089
6.426 , 1.020251643
6.4655 , 0.9838397968
6.505 , 0.9487274563
6.5445 , 0.914868243
6.584 , 0.882217434
6.6235 , 0.8507319025
6.663 , 0.8203700607
6.7025 , 0.7910918053
6.742 , 0.7628584639
6.7815 , 0.7356327446
6.821 , 0.7093786863
6.8605 , 0.6840616112
6.9 , 0.6596480794
6.9395 , 0.6361058441
6.979 , 0.6134038096
7.0185 , 0.5915119899
7.058 , 0.5704014692
7.0975 , 0.5500443636
7.137 , 0.5304137845
7.1765 , 0.5114838027
7.216 , 0.4932294147
7.2555 , 0.475626509
7.295 , 0.4586518349
7.3345 , 0.4422829713
7.374 , 0.4264982975
7.4135 , 0.4112769642
7.453 , 0.3965988664
7.4925 , 0.3824446164
7.532 , 0.3687955186
7.5715 , 0.3556335446
7.611 , 0.3429413094
7.6505 , 0.3307020484
7.69 , 0.3188995954
7.7295 , 0.3075183612
7.769 , 0.2965433128
7.8085 , 0.2859599538
7.848 , 0.2757543051
7.8875 , 0.2659128868
7.927 , 0.2564226996
7.9665 , 0.2472712085
8.006 , 0.2384463257
8.0455 , 0.2299363949
8.085 , 0.2217301758
8.1245 , 0.213816829
8.164 , 0.2061859024
8.2035 , 0.1988273166
8.243 , 0.1917313519
8.2825 , 0.1848886357
8.322 , 0.1782901298
8.3615 , 0.1719271185
8.401 , 0.1657911972
8.4405 , 0.1598742613
8.48 , 0.1541684955
8.5195 , 0.1486663632
8.559 , 0.143360597
8.5985 , 0.1382441887
8.638 , 0.1333103803
8.6775 , 0.1285526551
8.717 , 0.1239647286
8.7565 , 0.1195405411
8.796 , 0.1152742488
8.8355 , 0.1111602165
8.875 , 0.1071930103
8.9145 , 0.10336739
8.954 , 0.0996783026
8.9935 , 0.09612087535
9.033 , 0.09269040942
9.0725 , 0.08938237367
9.112 , 0.08619239869
9.1515 , 0.08311627099
9.191 , 0.08014992746
9.2305 , 0.07728945002
9.27 , 0.0745310604
9.3095 , 0.07187111517
9.349 , 0.06930610095
9.3885 , 0.06683262974
9.428 , 0.06444743445
9.4675 , 0.06214736459
9.507 , 0.05992938212
9.5465 , 0.0577905574
9.586 , 0.05572806538
9.6255 , 0.05373918181
9.665 , 0.05182127967
9.7045 , 0.04997182571
9.744 , 0.04818837705
9.7835 , 0.04646857805
9.823 , 0.04481015709
9.8625 , 0.04321092366
9.902 , 0.04166876541
9.9415 , 0.04018164537
9.981 , 0.03874759928
10.0205 , 0.03736473298
10.06 , 0.03603121991
10.0995 , 0.0347452987
10.139 , 0.03350527084
10.1785 , 0.03230949843
10.218 , 0.03115640205
10.2575 , 0.03004445862
10.297 , 0.02897219943
10.3365 , 0.02793820819
10.376 , 0.02694111915
10.4155 , 0.02597961531
10.455 , 0.02505242665
10.4945 , 0.02415832851
10.534 , 0.02329613991
10.5735 , 0.02246472203
10.613 , 0.02166297669
10.6525 , 0.02088984491
10.692 , 0.0201443055
10.7315 , 0.0194253737
10.771 , 0.01873209992
10.8105 , 0.01806356844
10.85 , 0.01741889624
10.8895 , 0.0167972318
10.929 , 0.016197754
10.9685 , 0.015619671
11.008 , 0.01506221926
11.0475 , 0.01452466247
11.087 , 0.01400629058
11.1265 , 0.0135064189
11.166 , 0.01302438719
11.2055 , 0.01255955875
11.245 , 0.01211131962
11.2845 , 0.01167907772
11.324 , 0.01126226214
11.3635 , 0.01086032233
11.403 , 0.01047272738
11.4425 , 0.01009896534
11.482 , 0.009738542525
11.5215 , 0.009390982869
11.561 , 0.009055827299
11.6005 , 0.008732633124
11.64 , 0.008420973453
11.6795 , 0.008120436629
11.719 , 0.00783062569
11.7585 , 0.007551157837
11.798 , 0.007281663935
11.8375 , 0.007021788024
11.877 , 0.006771186846
11.9165 , 0.006529529395
11.956 , 0.006296496476
11.9955 , 0.006071780288
12.035 , 0.005855084016
12.0745 , 0.005646121434
12.114 , 0.005444616536
12.1535 , 0.005250303162
12.193 , 0.005062924655
12.2325 , 0.004882233515
12.272 , 0.004707991077
12.3115 , 0.004539967191
12.351 , 0.004377939923
12.3905 , 0.00422169526
12.43 , 0.004071026826
12.4695 , 0.003925735611
12.509 , 0.003785629705
12.5485 , 0.003650524051
12.588 , 0.003520240194
12.6275 , 0.003394606049
12.667 , 0.00327345567
12.7065 , 0.003156629038
12.746 , 0.003043971841
12.7855 , 0.002935335277
12.825 , 0.002830575851
