-6.6235 , 3.20283025e-12 , 3.20283025e-12
-6.597 , 3.638137522e-12 , 3.638137522e-12
-6.5705 , 4.132608848e-12 , 4.132608848e-12
-6.544 , 4.69428541e-12 , 4.69428541e-12
-6.5175 , 5.332301295e-12 , 5.332301295e-12
-6.491 , 6.057032033e-12 , 6.057032033e-12
-6.4645 , 6.880263327e-12 , 6.880263327e-12
-6.438 , 7.815382714e-12 , 7.815382714e-12
-6.4115 , 8.877597276e-12 , 8.877597276e-12
-6.385 , 1.008418094e-11 , 1.008418094e-11
-6.3585 , 1.145475538e-11 , 1.145475538e-11
-6.332 , 1.301160914e-11 , 1.301160914e-11
-6.3055 , 1.478006006e-11 , 1.478006006e-11
-6.279 , 1.6788867e-11 , 1.6788867e-11
-6.2525 , 1.907069754e-11 , 1.907069754e-11
-6.226 , 2.166265924e-11 , 2.166265924e-11
-6.1995 , 2.460690303e-11 , 2.460690303e-11
-6.173 , 2.795130876e-11 , 2.795130876e-11
-6.1465 , 3.175026376e-11 , 3.175026376e-11
-6.12 , 3.606554731e-11 , 3.606554731e-11
-6.0935 , 4.096733535e-11 , 4.096733535e-11
-6.067 , 4.653534165e-11 , 4.653534165e-11
-6.0405 , 5.286011413e-11 , 5.286011413e-11
-6.014 , 6.00445074e-11 , 6.00445074e-11
-5.9875 , 6.820535536e-11 , 6.820535536e-11
-5.961 , 7.747537121e-11 , 7.747537121e-11
-5.9345 , 8.800530563e-11 , 8.800530563e-11
-5.908 , 9.996639834e-11 , 9.996639834e-11
-5.8815 , 1.135531628e-10 , 1.135531628e-10
-5.855 , 1.289865494e-10 , 1.289865494e-10
-5.8285 , 1.465175387e-10 , 1.465175387e-10
-5.802 , 1.664312229e-10 , 1.664312229e-10
-5.7755 , 1.890514419e-10 , 1.890514419e-10
-5.749 , 2.147460498e-10 , 2.147460498e-10
-5.7225 , 2.43932897e-10 , 2.43932897e-10
-5.696 , 2.770866254e-10 , 2.770866254e-10
-5.6695 , 3.147463868e-10 , 3.147463868e-10
-5.643 , 3.575246111e-10 , 3.575246111e-10
-5.6165 , 4.061169657e-10 , 4.061169657e-10
-5.59 , 4.613136683e-10 , 4.613136683e-10
-5.5635 , 5.240123375e-10 , 5.240123375e-10
-5.537 , 5.952325907e-10 , 5.952325907e-10
-5.5105 , 6.761326244e-10 , 6.761326244e-10
-5.484 , 7.680280498e-10 , 7.680280498e-10
-5.4575 , 8.72413287e-10 , 8.72413287e-10
-5.431 , 9.909858676e-10 , 9.909858676e-10
-5.4045 , 1.125674041e-09 , 1.125674041e-09
-5.378 , 1.27866813e-09 , 1.27866813e-09
-5.3515 , 1.452456152e-09 , 1.452456152e-09
-5.325 , 1.64986428e-09 , 1.64986428e-09
-5.2985 , 1.874102802e-09 , 1.874102802e-09
-5.272 , 2.128818324e-09 , 2.128818324e-09
-5.2455 , 2.418153076e-09 , 2.418153076e-09
-5.219 , 2.746812273e-09 , 2.746812273e-09
-5.1925 , 3.120140631e-09 , 3.120140631e-09
-5.166 , 3.544209283e-09 , 3.544209283e-09
-5.1395 , 4.025914511e-09 , 4.025914511e-09
-5.113 , 4.573089892e-09 , 4.573089892e-09
-5.0865 , 5.194633693e-09 , 5.194633693e-09
-5.06 , 5.900653571e-09 , 5.900653571e-09
-5.0335 , 6.70263095e-09 , 6.70263095e-09
-5.007 , 7.613607732e-09 , 7.613607732e-09
-4.9805 , 8.648398387e-09 , 8.648398387e-09
-4.954 , 9.823830869e-09 , 9.823830869e-09
-4.9275 , 1.115902027e-08 , 1.115902027e-08
-4.901 , 1.26756797e-08 , 1.26756797e-08
-4.8745 , 1.439847333e-08 , 1.439847333e-08
-4.848 , 1.635541755e-08 , 1.635541755e-08
-4.8215 , 1.857833654e-08 , 1.857833654e-08
-4.795 , 2.110337982e-08 , 2.110337982e-08
-4.7685 , 2.39716101e-08 , 2.39716101e-08
-4.742 , 2.722967106e-08 , 2.722967106e-08
-4.7155 , 3.093054588e-08 , 3.093054588e-08
-4.689 , 3.513441886e-08 , 3.513441886e-08
-4.6625 , 3.990965415e-08 , 3.990965415e-08
-4.636 , 4.533390749e-08 , 4.533390749e-08
-4.6095 , 5.149538908e-08 , 5.149538908e-08
-4.583 , 5.849429804e-08 , 5.849429804e-08
-4.5565 , 6.644445192e-08 , 6.644445192e-08
-4.53 , 7.547513754e-08 , 7.547513754e-08
-4.5035 , 8.573321358e-08 , 8.573321358e-08
-4.477 , 9.738549872e-08 , 9.738549872e-08
-4.4505 , 1.106214846e-07 , 1.106214846e-07
-4.424 , 1.256564171e-07 , 1.256564171e-07
-4.3975 , 1.427347971e-07 , 1.427347971e-07
-4.371 , 1.621343563e-07 , 1.621343563e-07
-4.3445 , 1.841705739e-07 , 1.841705739e-07
-4.318 , 2.092018069e-07 , 2.092018069e-07
-4.2915 , 2.376351177e-07 , 2.376351177e-07
-4.265 , 2.69932894e-07 , 2.69932894e-07
-4.2385 , 3.06620368e-07 , 3.06620368e-07
-4.212 , 3.482941583e-07 , 3.482941583e-07
-4.1855 , 3.956319714e-07 , 3.956319714e-07
-4.159 , 4.494036236e-07 , 4.494036236e-07
-4.1325 , 5.104835592e-07 , 5.104835592e-07
-4.106 , 5.798650713e-07 , 5.798650713e-07
-4.0795 , 6.586764546e-07 , 6.586764546e-07
-4.053 , 7.481993541e-07 , 7.481993541e-07
-4.0265 , 8.498896075e-07 , 8.498896075e-07
-4 , 9.654009203e-07 , 9.654009203e-07
-3.9735 , 1.096611758e-06 , 1.096611758e-06
-3.947 , 1.245655896e-06 , 1.245655896e-06
-3.9205 , 1.414957116e-06 , 1.414957116e-06
-3.894 , 1.607268627e-06 , 1.607268627e-06
-3.8675 , 1.825717832e-06 , 1.825717832e-06
-3.841 , 2.073857192e-06 , 2.073857192e-06
-3.8145 , 2.355721995e-06 , 2.355721995e-06
-3.788 , 2.675895977e-06 , 2.675895977e-06
-3.7615 , 3.039585866e-06 , 3.039585866e-06
-3.735 , 3.452706053e-06 , 3.452706053e-06
-3.7085 , 3.921974773e-06 , 3.921974773e-06
-3.682 , 4.455023361e-06 , 4.455023361e-06
-3.6555 , 5.060520348e-06 , 5.060520348e-06
-3.629 , 5.748312437e-06 , 5.748312437e-06
-3.6025 , 6.529584627e-06 , 6.529584627e-06
-3.576 , 7.41704211e-06 , 7.41704211e-06
-3.5495 , 8.425116881e-06 , 8.425116881e-06
-3.523 , 9.570202433e-06 , 9.570202433e-06
-3.4965 , 1.087092036e-05 , 1.087092036e-05
-3.47 , 1.234842317e-05 , 1.234842317e-05
-3.4435 , 1.402673827e-05 , 1.402673827e-05
-3.417 , 1.593315875e-05 , 1.593315875e-05
-3.3905 , 1.809868715e-05 , 1.809868715e-05
-3.364 , 2.05585397e-05 , 2.05585397e-05
-3.3375 , 2.335271895e-05 , 2.335271895e-05
-3.311 , 2.652666436e-05 , 2.652666436e-05
-3.2845 , 3.013199122e-05 , 3.013199122e-05
-3.258 , 3.422732999e-05 , 3.422732999e-05
-3.2315 , 3.887927982e-05 , 3.887927982e-05
-3.205 , 4.416349157e-05 , 4.416349157e-05
-3.1785 , 5.016589805e-05 , 5.016589805e-05
-3.152 , 5.698411148e-05 , 5.698411148e-05
-3.1255 , 6.47290109e-05 , 6.47290109e-05
-3.099 , 7.352654525e-05 , 7.352654525e-05
-3.0725 , 8.351978165e-05 , 8.351978165e-05
-3.046 , 9.487123193e-05 , 9.487123193e-05
-3.0195 , 0.0001077654954 , 0.0001077654954
-2.993 , 0.000122412261 , 0.000122412261
-2.9665 , 0.000139049717 , 0.000139049717
-2.94 , 0.0001579484248 , 0.0001579484248
-2.9135 , 0.0001794157186 , 0.0001794157186
-2.887 , 0.0002038007034 , 0.0002038007034
-2.8605 , 0.0002314999323 , 0.0002314999323
-2.834 , 0.0002629638552 , 0.0002629638552
-2.8075 , 0.0002987041442 , 0.0002987041442
-2.781 , 0.0003393020142 , 0.0003393020142
-2.7545 , 0.0003854176752 , 0.0003854176752
-2.728 , 0.0004378010686 , 0.0004378010686
-2.7015 , 0.0004973040625 , 0.0004973040625
-2.675 , 0.0005648943055 , 0.0005648943055
-2.6485 , 0.0006416709624 , 0.0006416709624
-2.622 , 0.0007288825891 , 0.0007288825891
-2.5955 , 0.000827947437 , 0.000827947437
-2.569 , 0.0009404765166 , 0.0009404765166
-2.5425 , 0.001068299796 , 0.001068299796
-2.516 , 0.001213495962 , 0.001213495962
-2.4895 , 0.001378426219 , 0.001378426219
-2.463 , 0.001565772694 , 0.001565772694
-2.4365 , 0.001778582049 , 0.001778582049
-2.41 , 0.002020315029 , 0.002020315029
-2.3835 , 0.002294902739 , 0.002294902739
-2.357 , 0.002606810574 , 0.002606810574
-2.3305 , 0.002961110837 , 0.002961110837
-2.304 , 0.003363565223 , 0.003363565223
-2.2775 , 0.003820718518 , 0.003820718518
-2.251 , 0.004340005032 , 0.004340005032
-2.2245 , 0.004929869497 , 0.004929869497
-2.198 , 0.005599904396 , 0.005599904396
-2.1715 , 0.006361005958 , 0.006361005958
-2.145 , 0.007225551355 , 0.007225551355
-2.1185 , 0.008207599982 , 0.008207599982
-2.092 , 0.009323122093 , 0.009323122093
-2.0655 , 0.01059025851 , 0.01059025851
-2.039 , 0.01202961563 , 0.01202961563
-2.0125 , 0.01366460056 , 0.01366460056
-1.986 , 0.0155218017 , 0.0155218017
-1.9595 , 0.0176314212 , 0.0176314212
-1.933 , 0.02002776608 , 0.02002776608
-1.9065 , 0.02274980613 , 0.02274980613
-1.88 , 0.02584180766 , 0.02584180766
-1.8535 , 0.02935405337 , 0.02935405337
-1.827 , 0.03334366003 , 0.03334366003
-1.8005 , 0.03787550735 , 0.03787550735
-1.774 , 0.04302329306 , 0.04302329306
-1.7475 , 0.04887073138 , 0.04887073138
-1.721 , 0.05551291442 , 0.05551291442
-1.6945 , 0.06305785857 , 0.06305785857
-1.668 , 0.07162826108 , 0.07162826108
-1.6415 , 0.08136349539 , 0.08136349539
-1.615 , 0.09242187765 , 0.09242187765
-1.5885 , 0.1049832413 , 0.1049832413
-1.562 , 0.1192518615 , 0.1192518615
-1.5355 , 0.1354597771 , 0.1354597771
-1.509 , 0.1538705643 , 0.1538705643
-1.4825 , 0.1747836226 , 0.1747836226
-1.456 , 0.1985390439 , 0.1985390439
-1.4295 , 0.2255231432 , 0.2255231432
-1.403 , 0.2561747409 , 0.2561747409
-1.3765 , 0.2909922987 , 0.2909922987
-1.35 , 0.3305420263 , 0.3305420263
-1.3235 , 0.3754670884 , 0.3754670884
-1.297 , 0.4264980645 , 0.4264980645
-1.2705 , 0.4844648297 , 0.4844648297
-1.244 , 0.55031005 , 0.55031005
-1.2175 , 0.6251045124 , 0.6251045124
-1.191 , 0.710064538 , 0.710064538
-1.1645 , 0.8065717622 , 0.8065717622
-1.138 , 0.9161956031 , 0.9161956031
-1.1115 , 1.040718783 , 1.040718783
-1.085 , 1.182166322 , 1.182166322
-1.0585 , 1.342838464 , 1.342838464
-1.032 , 1.525348089 , 1.525348089
-1.0055 , 1.732663202 , 1.732663202
-0.979 , 1.958078571 , 1.958078571
-0.9525 , 2.181812292 , 2.181812292
-0.926 , 2.402934227 , 2.402934227
-0.8995 , 2.621179677 , 2.621179677
-0.873 , 2.836287387 , 2.836287387
-0.8465 , 3.047999858 , 3.047999858
-0.82 , 3.256063653 , 3.256063653
-0.7935 , 3.460229707 , 3.460229707
-0.767 , 3.660253617 , 3.660253617
-0.7405 , 3.855895941 , 3.855895941
-0.714 , 4.04692248 , 4.04692248
-0.6875 , 4.233104563 , 4.233104563
-0.661 , 4.414219316 , 4.414219316
-0.6345 , 4.590049931 , 4.590049931
-0.608 , 4.760385926 , 4.760385926
-0.5815 , 4.925023398 , 4.925023398
-0.555 , 5.083765264 , 5.083765264
-0.5285 , 5.236421497 , 5.236421497
-0.502 , 5.382809357 , 5.382809357
-0.4755 , 5.522753609 , 5.522753609
-0.449 , 5.656086727 , 5.656086727
-0.4225 , 5.782649104 , 5.782649104
-0.396 , 5.902289234 , 5.902289234
-0.3695 , 6.014863901 , 6.014863901
-0.343 , 6.120238343 , 6.120238343
-0.3165 , 6.218286421 , 6.218286421
-0.29 , 6.308890763 , 6.308890763
-0.2635 , 6.39194291 , 6.39194291
-0.237 , 6.467343442 , 6.467343442
-0.2105 , 6.5350021 , 6.5350021
-0.184 , 6.594837891 , 6.594837891
-0.1575 , 6.646779188 , 6.646779188
-0.131 , 6.690763812 , 6.690763812
-0.1045 , 6.726739112 , 6.726739112
-0.078 , 6.754662022 , 6.754662022
-0.0515 , 6.774499116 , 6.774499116
-0.025 , 6.786226649 , 6.786226649
0.0015 , 6.789830581 , 6.789830581
0.028 , 6.785306598 , 6.785306598
0.0545 , 6.772660116 , 6.772660116
0.081 , 6.751906274 , 6.751906274
0.1075 , 6.723069915 , 6.723069915
0.134 , 6.686185558 , 6.686185558
0.1605 , 6.641297358 , 6.641297358
0.187 , 6.588459047 , 6.588459047
0.2135 , 6.527733878 , 6.527733878
0.24 , 6.459194542 , 6.459194542
0.2665 , 6.382923087 , 6.382923087
0.293 , 6.299010815 , 6.299010815
0.3195 , 6.207558174 , 6.207558174
0.346 , 6.108674641 , 6.108674641
0.3725 , 6.002478585 , 6.002478585
0.399 , 5.889097131 , 5.889097131
0.4255 , 5.768666006 , 5.768666006
0.452 , 5.641329372 , 5.641329372
0.4785 , 5.507239663 , 5.507239663
0.505 , 5.366557392 , 5.366557392
0.5315 , 5.219450966 , 5.219450966
0.558 , 5.066096483 , 5.066096483
0.5845 , 4.906677519 , 4.906677519
0.611 , 4.741384909 , 4.741384909
0.6375 , 4.570416521 , 4.570416521
0.664 , 4.393977017 , 4.393977017
0.6905 , 4.212277606 , 4.212277606
0.717 , 4.025535797 , 4.025535797
0.7435 , 3.833975132 , 3.833975132
0.77 , 3.637824923 , 3.637824923
0.7965 , 3.437319977 , 3.437319977
0.823 , 3.232700312 , 3.232700312
0.8495 , 3.024210873 , 3.024210873
0.876 , 2.812101236 , 2.812101236
0.9025 , 2.596625312 , 2.596625312
0.929 , 2.378041041 , 2.378041041
0.9555 , 2.156610084 , 2.156610084
0.982 , 1.93259751 , 1.93259751
1.0085 , 1.707845811 , 1.707845811
1.035 , 1.503500127 , 1.503500127
1.0615 , 1.323604635 , 1.323604635
1.088 , 1.165233842 , 1.165233842
1.1145 , 1.025812294 , 1.025812294
1.141 , 0.9030726924 , 0.9030726924
1.1675 , 0.7950190227 , 0.7950190227
1.194 , 0.6998940968 , 0.6998940968
1.2205 , 0.616150976 , 0.616150976
1.247 , 0.5424278144 , 0.5424278144
1.2735 , 0.4775257124 , 0.4775257124
1.3 , 0.4203892205 , 0.4203892205
1.3265 , 0.3700891745 , 0.3700891745
1.353 , 0.3258075859 , 0.3258075859
1.3795 , 0.2868243395 , 0.2868243395
1.406 , 0.2525054826 , 0.2525054826
1.4325 , 0.2222929159 , 0.2222929159
1.459 , 0.1956953169 , 0.1956953169
1.4855 , 0.1722801507 , 0.1722801507
1.512 , 0.1516666357 , 0.1516666357
1.5385 , 0.1335195511 , 0.1335195511
1.565 , 0.1175437857 , 0.1175437857
1.5915 , 0.1034795387 , 0.1034795387
1.618 , 0.09109809478 , 0.09109809478
1.6445 , 0.08019810463 , 0.08019810463
1.671 , 0.07060231065 , 0.07060231065
1.6975 , 0.06215466427 , 0.06215466427
1.724 , 0.05471778834 , 0.05471778834
1.7505 , 0.04817074304 , 0.04817074304
1.777 , 0.04240705912 , 0.04240705912
1.8035 , 0.0373330065 , 0.0373330065
1.83 , 0.03286607002 , 0.03286607002
1.8565 , 0.02893360754 , 0.02893360754
1.883 , 0.02547166865 , 0.02547166865
1.9095 , 0.02242395467 , 0.02242395467
1.936 , 0.01974090311 , 0.01974090311
1.9625 , 0.01737888171 , 0.01737888171
1.989 , 0.01529947885 , 0.01529947885
2.0155 , 0.01346887889 , 0.01346887889
2.042 , 0.01185731228 , 0.01185731228
2.0685 , 0.01043857145 , 0.01043857145
2.095 , 0.009189584562 , 0.009189584562
2.1215 , 0.008090040368 , 0.008090040368
2.148 , 0.007122057882 , 0.007122057882
2.1745 , 0.006269895596 , 0.006269895596
2.201 , 0.005519695491 , 0.005519695491
2.2275 , 0.004859257679 , 0.004859257679
2.254 , 0.004277841998 , 0.004277841998
2.2805 , 0.003765993361 , 0.003765993361
2.307 , 0.003315387993 , 0.003315387993
2.3335 , 0.002918698067 , 0.002918698067
2.36 , 0.00256947254 , 0.00256947254
2.3865 , 0.002262032243 , 0.002262032243
2.413 , 0.001991377525 , 0.001991377525
2.4395 , 0.00175310695 , 0.00175310695
2.466 , 0.001543345719 , 0.001543345719
2.4925 , 0.001358682657 , 0.001358682657
2.519 , 0.00119611474 , 0.00119611474
2.5455 , 0.001052998257 , 0.001052998257
2.572 , 0.000927005824 , 0.000927005824
2.5985 , 0.000816088528 , 0.000816088528
2.625 , 0.000718442612 , 0.000718442612
2.6515 , 0.0006324801403 , 0.0006324801403
2.678 , 0.0005568031757 , 0.0005568031757
2.7045 , 0.0004901810456 , 0.0004901810456
2.731 , 0.0004315303287 , 0.0004315303287
2.7575 , 0.0003798972364 , 0.0003798972364
2.784 , 0.0003344421021 , 0.0003344421021
2.8105 , 0.0002944257261 , 0.0002944257261
2.837 , 0.0002591973547 , 0.0002591973547
2.8635 , 0.0002281840979 , 0.0002281840979
2.89 , 0.0002008816123 , 0.0002008816123
2.9165 , 0.0001768459001 , 0.0001768459001
2.943 , 0.000155686088 , 0.000155686088
2.9695 , 0.0001370580713 , 0.0001370580713
2.996 , 0.000120658918 , 0.000120658918
3.0225 , 0.0001062219419 , 0.0001062219419
3.049 , 9.351236631e-05 , 9.351236631e-05
3.0755 , 8.232350585e-05 , 8.232350585e-05
3.102 , 7.24734052e-05 , 7.24734052e-05
3.1285 , 6.380188024e-05 , 6.380188024e-05
3.155 , 5.616791306e-05 , 5.616791306e-05
3.1815 , 4.944735869e-05 , 4.944735869e-05
3.208 , 4.353092626e-05 , 4.353092626e-05
3.2345 , 3.832240167e-05 , 3.832240167e-05
3.261 , 3.373708293e-05 , 3.373708293e-05
3.2875 , 2.970040278e-05 , 2.970040278e-05
3.314 , 2.614671597e-05 , 2.614671597e-05
3.3405 , 2.301823181e-05 , 2.301823181e-05
3.367 , 2.026407432e-05 , 2.026407432e-05
3.3935 , 1.78394549e-05 , 1.78394549e-05
3.42 , 1.570494393e-05 , 1.570494393e-05
3.4465 , 1.382582961e-05 , 1.382582961e-05
3.473 , 1.217155345e-05 , 1.217155345e-05
3.4995 , 1.07152133e-05 , 1.07152133e-05
3.526 , 9.433125906e-06 , 9.433125906e-06
3.5525 , 8.304441715e-06 , 8.304441715e-06
3.579 , 7.310805865e-06 , 7.310805865e-06
3.6055 , 6.436059669e-06 , 6.436059669e-06
3.632 , 5.665977845e-06 , 5.665977845e-06
3.6585 , 4.988037183e-06 , 4.988037183e-06
3.685 , 4.391212889e-06 , 4.391212889e-06
3.7115 , 3.865799297e-06 , 3.865799297e-06
3.738 , 3.403252036e-06 , 3.403252036e-06
3.7645 , 2.996049078e-06 , 2.996049078e-06
3.791 , 2.637568415e-06 , 2.637568415e-06
3.8175 , 2.321980369e-06 , 2.321980369e-06
3.844 , 2.04415279e-06 , 2.04415279e-06
3.8705 , 1.799567595e-06 , 1.799567595e-06
3.897 , 1.584247295e-06 , 1.584247295e-06
3.9235 , 1.394690313e-06 , 1.394690313e-06
3.95 , 1.227814039e-06 , 1.227814039e-06
3.9765 , 1.0809047e-06 , 1.0809047e-06
4.003 , 9.515732289e-07 , 9.515732289e-07
4.0295 , 8.37716415e-07 , 8.37716415e-07
4.056 , 7.374826979e-07 , 7.374826979e-07
4.0825 , 6.492420584e-07 , 6.492420584e-07
4.109 , 5.715595113e-07 , 5.715595113e-07
4.1355 , 5.031717689e-07 , 5.031717689e-07
4.162 , 4.429666973e-07 , 4.429666973e-07
4.1885 , 3.899652306e-07 , 3.899652306e-07
4.215 , 3.433054494e-07 , 3.433054494e-07
4.2415 , 3.022285638e-07 , 3.022285638e-07
4.268 , 2.660665741e-07 , 2.660665741e-07
4.2945 , 2.342314074e-07 , 2.342314074e-07
4.321 , 2.062053544e-07 , 2.062053544e-07
4.3475 , 1.815326503e-07 , 1.815326503e-07
4.374 , 1.598120633e-07 , 1.598120633e-07
4.4005 , 1.40690369e-07 , 1.40690369e-07
4.427 , 1.238566071e-07 , 1.238566071e-07
4.4535 , 1.090370239e-07 , 1.090370239e-07
4.48 , 9.59906206e-08 , 9.59906206e-08
4.5065 , 8.450523421e-08 , 8.450523421e-08
4.533 , 7.439408729e-08 , 7.439408729e-08
4.5595 , 6.549275055e-08 , 6.549275055e-08
4.586 , 5.765646882e-08 , 5.765646882e-08
4.6125 , 5.075780707e-08 , 5.075780707e-08
4.639 , 4.468457801e-08 , 4.468457801e-08
4.6655 , 3.933801768e-08 , 3.933801768e-08
4.692 , 3.463117934e-08 , 3.463117934e-08
4.7185 , 3.048751954e-08 , 3.048751954e-08
4.745 , 2.683965332e-08 , 2.683965332e-08
4.7715 , 2.362825842e-08 , 2.362825842e-08
4.798 , 2.080111056e-08 , 2.080111056e-08
4.8245 , 1.831223414e-08 , 1.831223414e-08
4.851 , 1.61211546e-08 , 1.61211546e-08
4.8775 , 1.41922402e-08 , 1.41922402e-08
4.904 , 1.24941226e-08 , 1.24941226e-08
4.9305 , 1.099918669e-08 , 1.099918669e-08
4.957 , 9.683121555e-09 , 9.683121555e-09
4.9835 , 8.524525102e-09 , 8.524525102e-09
5.01 , 7.504556025e-09 , 7.504556025e-09
5.0365 , 6.606627403e-09 , 6.606627403e-09
5.063 , 5.816136957e-09 , 5.816136957e-09
5.0895 , 5.120229588e-09 , 5.120229588e-09
5.116 , 4.507588322e-09 , 4.507588322e-09
5.1425 , 3.968250278e-09 , 3.968250278e-09
5.169 , 3.493444641e-09 , 3.493444641e-09
5.1955 , 3.075450036e-09 , 3.075450036e-09
5.222 , 2.707468958e-09 , 2.707468958e-09
5.2485 , 2.383517233e-09 , 2.383517233e-09
5.275 , 2.098326699e-09 , 2.098326699e-09
5.3015 , 1.847259534e-09 , 1.847259534e-09
5.328 , 1.62623284e-09 , 1.62623284e-09
5.3545 , 1.43165224e-09 , 1.43165224e-09
5.381 , 1.260353429e-09 , 1.260353429e-09
5.4075 , 1.109550715e-09 , 1.109550715e-09
5.434 , 9.767917163e-10 , 9.767917163e-10
5.4605 , 8.599174819e-10 , 8.599174819e-10
5.487 , 7.57027382e-10 , 7.57027382e-10
5.5135 , 6.664481989e-10 , 6.664481989e-10
5.54 , 5.867069176e-10 , 5.867069176e-10
5.5665 , 5.165067709e-10 , 5.165067709e-10
5.593 , 4.547061512e-10 , 4.547061512e-10
5.6195 , 4.003000456e-10 , 4.003000456e-10
5.646 , 3.524036921e-10 , 3.524036921e-10
5.6725 , 3.102381915e-10 , 3.102381915e-10
5.699 , 2.731178407e-10 , 2.731178407e-10
5.7255 , 2.40438982e-10 , 2.40438982e-10
5.752 , 2.116701857e-10 , 2.116701857e-10
5.7785 , 1.863436084e-10 , 1.863436084e-10
5.805 , 1.640473847e-10 , 1.640473847e-10
5.8315 , 1.444189295e-10 , 1.444189295e-10
5.858 , 1.271390411e-10 , 1.271390411e-10
5.8845 , 1.11926711e-10 , 1.11926711e-10
5.911 , 9.853455331e-11 , 9.853455331e-11
5.9375 , 8.674478249e-11 , 8.674478249e-11
5.964 , 7.636567108e-11 , 7.636567108e-11
5.9905 , 6.722843211e-11 , 6.722843211e-11
6.017 , 5.918447412e-11 , 5.918447412e-11
6.0435 , 5.210298481e-11 , 5.210298481e-11
6.07 , 4.58688037e-11 , 4.58688037e-11
6.0965 , 4.038054943e-11 , 4.038054943e-11
6.123 , 3.554897099e-11 , 3.554897099e-11
6.1495 , 3.129549637e-11 , 3.129549637e-11
6.176 , 2.755095481e-11 , 2.755095481e-11
6.2025 , 2.425445189e-11 , 2.425445189e-11
6.229 , 2.135237927e-11 , 2.135237927e-11
6.2555 , 1.879754292e-11 , 1.879754292e-11
6.282 , 1.654839564e-11 , 1.654839564e-11
6.3085 , 1.456836137e-11 , 1.456836137e-11
6.335 , 1.282524044e-11 , 1.282524044e-11
6.3615 , 1.129068591e-11 , 1.129068591e-11
6.388 , 9.939742561e-12 , 9.939742561e-12
6.4145 , 8.750441114e-12 , 8.750441114e-12
6.441 , 7.703440931e-12 , 7.703440931e-12
6.4675 , 6.781715505e-12 , 6.781715505e-12
6.494 , 5.970275569e-12 , 5.970275569e-12
6.5205 , 5.25592534e-12 , 5.25592534e-12
6.547 , 4.627047925e-12 , 4.627047925e-12
6.5735 , 4.073416404e-12 , 4.073416404e-12
