-5.25 , 6.5173402232541987172e-24 , -9.7244772860518720803e-25 , -9.7244772860518720803e-25 , -9.7244772860518720803e-25 , -9.7244772860518720803e-25 , -9.7244772860518720803e-25 , -9.7244772860518720803e-25 , -9.7244772860518720803e-25
-5.1449999999999995737 , 2.3076731010656925435e-23 , -3.4971746790498044045e-24 , -3.4971746790498044045e-24 , -3.4971746790498044045e-24 , -3.4971746790498044045e-24 , -3.4971746790498044045e-24 , -3.4971746790498044045e-24 , -3.4971746790498044045e-24
-5.0399999999999991473 , 8.1710559199917386144e-23 , -1.2576748730062232638e-23 , -1.2576748730062232638e-23 , -1.2576748730062232638e-23 , -1.2576748730062232638e-23 , -1.2576748730062232638e-23 , -1.2576748730062232638e-23 , -1.2576748730062232638e-23
-4.934999999999998721 , 2.8932241233300842319e-22 , -4.5229255938138470957e-23 , -4.5229255938138470957e-23 , -4.5229255938138470957e-23 , -4.5229255938138470957e-23 , -4.5229255938138470957e-23 , -4.5229255938138470957e-23 , -4.5229255938138470957e-23
-4.8299999999999982947 , 1.0244386906395808425e-21 , -1.6265615514984736648e-22 , -1.6265615514984736648e-22 , -1.6265615514984736648e-22 , -1.6265615514984736648e-22 , -1.6265615514984736648e-22 , -1.6265615514984736648e-22 , -1.6265615514984736648e-22
-4.7249999999999978684 , 3.6273533820511625275e-21 , -5.8495379283526514809e-22 , -5.8495379283526514809e-22 , -5.8495379283526514809e-22 , -5.8495379283526514809e-22 , -5.8495379283526514809e-22 , -5.8495379283526514809e-22 , -5.8495379283526514809e-22
-4.619999999999997442 , 1.2843806738755008107e-20 , -2.1036458130781243517e-21 , -2.1036458130781243517e-21 , -2.1036458130781243517e-21 , -2.1036458130781243517e-21 , -2.1036458130781243517e-21 , -2.1036458130781243517e-21 , -2.1036458130781243517e-21
-4.5149999999999970157 , 4.5477612509097908429e-20 , -7.5652568819695057587e-21 , -7.5652568819695057587e-21 , -7.5652568819695057587e-21 , -7.5652568819695057587e-21 , -7.5652568819695057587e-21 , -7.5652568819695057587e-21 , -7.5652568819695057587e-21
-4.4099999999999965894 , 1.6102805668096943318e-19 , -2.7206629240709096607e-20 , -2.7206629240709096607e-20 , -2.7206629240709096607e-20 , -2.7206629240709096607e-20 , -2.7206629240709096607e-20 , -2.7206629240709096607e-20 , -2.7206629240709096607e-20
-4.3049999999999961631 , 5.7017142298888577337e-19 , -9.7842107173591029461e-20 , -9.7842107173591029461e-20 , -9.7842107173591029461e-20 , -9.7842107173591029461e-20 , -9.7842107173591029461e-20 , -9.7842107173591029461e-20 , -9.7842107173591029461e-20
-4.1999999999999957367 , 2.0188745880306657327e-18 , -3.5186563728535714158e-19 , -3.5186563728535714158e-19 , -3.5186563728535714158e-19 , -3.5186563728535714158e-19 , -3.5186563728535714158e-19 , -3.5186563728535714158e-19 , -3.5186563728535714158e-19
-4.0949999999999953104 , 7.1484722626574721803e-18 , -1.265400248203644212e-18 , -1.265400248203644212e-18 , -1.265400248203644212e-18 , -1.265400248203644212e-18 , -1.265400248203644212e-18 , -1.265400248203644212e-18 , -1.265400248203644212e-18
-3.9899999999999953282 , 2.5311456190961115096e-17 , -4.5507080501164911641e-18 , -4.5507080501164911641e-18 , -4.5507080501164911641e-18 , -4.5507080501164911641e-18 , -4.5507080501164911641e-18 , -4.5507080501164911641e-18 , -4.5507080501164911641e-18
-3.8849999999999953459 , 8.9623319636239642078e-17 , -1.6365528445875686723e-17 , -1.6365528445875686723e-17 , -1.6365528445875686723e-17 , -1.6365528445875686723e-17 , -1.6365528445875686723e-17 , -1.6365528445875686723e-17 , -1.6365528445875686723e-17
-3.7799999999999953637 , 3.1734007565664987021e-16 , -5.8854692140910272387e-17 , -5.8854692140910272387e-17 , -5.8854692140910272387e-17 , -5.8854692140910272387e-17 , -5.8854692140910272387e-17 , -5.8854692140910272387e-17 , -5.8854692140910272387e-17
-3.6749999999999953815 , 1.1236442036124690872e-15 , -2.1165676369431501156e-16 , -2.1165676369431501156e-16 , -2.1165676369431501156e-16 , -2.1165676369431501156e-16 , -2.1165676369431501156e-16 , -2.1165676369431501156e-16 , -2.1165676369431501156e-16
-3.5699999999999953992 , 3.9786222830486897711e-15 , -7.6117271177452377852e-16 , -7.6117271177452377852e-16 , -7.6117271177452377852e-16 , -7.6117271177452377852e-16 , -7.6117271177452377852e-16 , -7.6117271177452377852e-16 , -7.6117271177452377852e-16
-3.464999999999995417 , 1.4087586818212156009e-14 , -2.7373748281767859229e-15 , -2.7373748281767859229e-15 , -2.7373748281767859229e-15 , -2.7373748281767859229e-15 , -2.7373748281767859229e-15 , -2.7373748281767859229e-15 , -2.7373748281767859229e-15
-3.3599999999999954348 , 4.9881614348319592963e-14 , -9.8443110663635742981e-15 , -9.8443110663635742981e-15 , -9.8443110663635742981e-15 , -9.8443110663635742981e-15 , -9.8443110663635742981e-15 , -9.8443110663635742981e-15 , -9.8443110663635742981e-15
-3.2549999999999954525 , 1.7662183609600261149e-13 , -3.5402700197939166299e-14 , -3.5402700197939166299e-14 , -3.5402700197939166299e-14 , -3.5402700197939166299e-14 , -3.5402700197939166299e-14 , -3.5402700197939166299e-14 , -3.5402700197939166299e-14
-3.1499999999999954703 , 6.2538619476284272264e-13 , -1.2731730771771942762e-13 , -1.2731730771771942762e-13 , -1.2731730771771942762e-13 , -1.2731730771771942762e-13 , -1.2731730771771942762e-13 , -1.2731730771771942762e-13 , -1.2731730771771942762e-13
-3.0449999999999954881 , 2.2143801765675417955e-12 , -4.5786611625268188121e-13 , -4.5786611625268188121e-13 , -4.5786611625268188121e-13 , -4.5786611625268188121e-13 , -4.5786611625268188121e-13 , -4.5786611625268188121e-13 , -4.5786611625268188121e-13
-2.9399999999999955058 , 7.8407224326957910736e-12 , -1.6466055100467499435e-12 , -1.6466055100467499435e-12 , -1.6466055100467499435e-12 , -1.6466055100467499435e-12 , -1.6466055100467499435e-12 , -1.6466055100467499435e-12 , -1.6466055100467499435e-12
-2.8349999999999955236 , 2.7762589693100003627e-11 , -5.9216212108170742436e-12 , -5.9216212108170742436e-12 , -5.9216212108170742436e-12 , -5.9216212108170742436e-12 , -5.9216212108170742436e-12 , -5.9216212108170742436e-12 , -5.9216212108170742436e-12
-2.7299999999999955413 , 9.8302343066418520059e-11 , -2.129568834213558756e-11 , -2.129568834213558756e-11 , -2.129568834213558756e-11 , -2.129568834213558756e-11 , -2.129568834213558756e-11 , -2.129568834213558756e-11 , -2.129568834213558756e-11
-2.6249999999999955591 , 3.4807093859653508134e-10 , -7.6584828009083765268e-11 , -7.6584828009083765268e-11 , -7.6584828009083765268e-11 , -7.6584828009083765268e-11 , -7.6584828009083765268e-11 , -7.6584828009083765268e-11 , -7.6584828009083765268e-11
-2.5199999999999955769 , 1.232456669050247718e-09 , -2.7541893865792556337e-10 , -2.7541893865792556337e-10 , -2.7541893865792556337e-10 , -2.7541893865792556337e-10 , -2.7541893865792556337e-10 , -2.7541893865792556337e-10 , -2.7541893865792556337e-10
-2.4149999999999955946 , 4.3639076770127043055e-09 , -9.9047805868886818623e-10 , -9.9047805868886818623e-10 , -9.9047805868886818623e-10 , -9.9047805868886818623e-10 , -9.9047805868886818623e-10 , -9.9047805868886818623e-10 , -9.9047805868886818623e-10
-2.3099999999999956124 , 1.5451813188828576762e-08 , -3.5620164304043942179e-09 , -3.5620164304043942179e-09 , -3.5620164304043942179e-09 , -3.5620164304043942179e-09 , -3.5620164304043942179e-09 , -3.5620164304043942179e-09 , -3.5620164304043942179e-09
-2.2049999999999956302 , 5.4712094868583084075e-08 , -1.2809936514157976878e-08 , -1.2809936514157976878e-08 , -1.2809936514157976878e-08 , -1.2809936514157976878e-08 , -1.2809936514157976878e-08 , -1.2809936514157976878e-08 , -1.2809936514157976878e-08
-2.0999999999999956479 , 1.9372569991158238051e-07 , -4.6067859793147712858e-08 , -4.6067859793147712858e-08 , -4.6067859793147712858e-08 , -4.6067859793147712858e-08 , -4.6067859793147712858e-08 , -4.6067859793147712858e-08 , -4.6067859793147712858e-08
-1.9949999999999956657 , 6.8594790414034826879e-07 , -1.6567199248610882053e-07 , -1.6567199248610882053e-07 , -1.6567199248610882053e-07 , -1.6567199248610882053e-07 , -1.6567199248610882053e-07 , -1.6567199248610882053e-07 , -1.6567199248610882053e-07
-1.8899999999999956835 , 2.4288183106799248583e-06 , -5.9579952742670921165e-07 , -5.9579952742670921165e-07 , -5.9579952742670921165e-07 , -5.9579952742670921165e-07 , -5.9579952742670921165e-07 , -5.9579952742670921165e-07 , -5.9579952742670921165e-07
-1.7849999999999957012 , 8.6000093457346563969e-06 , -2.1426498924472975235e-06 , -2.1426498924472975235e-06 , -2.1426498924472975235e-06 , -2.1426498924472975235e-06 , -2.1426498924472975235e-06 , -2.1426498924472975235e-06 , -2.1426498924472975235e-06
-1.679999999999995719 , 3.0451088260290234044e-05 , -7.7055256848439723593e-06 , -7.7055256848439723593e-06 , -7.7055256848439723593e-06 , -7.7055256848439723593e-06 , -7.7055256848439723593e-06 , -7.7055256848439723593e-06 , -7.7055256848439723593e-06
-1.5749999999999957367 , 0.00010782183355369051819 , -2.7711072298411279171e-05 , -2.7711072298411279171e-05 , -2.7711072298411279171e-05 , -2.7711072298411279171e-05 , -2.7711072298411279171e-05 , -2.7711072298411279171e-05 , -2.7711072298411279171e-05
-1.4699999999999957545 , 0.00038177774441119222137 , -9.9656215466021932773e-05 , -9.9656215466021932773e-05 , -9.9656215466021932773e-05 , -9.9656215466021932773e-05 , -9.9656215466021932773e-05 , -9.9656215466021932773e-05 , -9.9656215466021932773e-05
-1.3649999999999957723 , 0.0013518064136343831399 , -0.00035838964201971958753 , -0.00035838964201971958753 , -0.00035838964201971958753 , -0.00035838964201971958753 , -0.00035838964201971958753 , -0.00035838964201971958753 , -0.00035838964201971958753
-1.25999999999999579 , 0.0047865036836062342315 , -0.0012888622641988225354 , -0.0012888622641988225354 , -0.0012888622641988225354 , -0.0012888622641988225354 , -0.0012888622641988225354 , -0.0012888622641988225354 , -0.0012888622641988225354
-1.1549999999999958078 , 0.016948149736603180388 , -0.0046350835551891124767 , -0.0046350835551891124767 , -0.0046350835551891124767 , -0.0046350835551891124767 , -0.0046350835551891124767 , -0.0046350835551891124767 , -0.0046350835551891124767
-1.0499999999999958256 , 0.060010353795008679334 , -0.01666896468331264744 , -0.01666896468331264744 , -0.01666896468331264744 , -0.01666896468331264744 , -0.01666896468331264744 , -0.01666896468331264744 , -0.01666896468331264744
-0.94499999999999584332 , -0.18553746974542398296 , -0.28953752863660370265 , -0.28953752863660370265 , -0.28953752863660370265 , -0.28953752863660370265 , -0.28953752863660370265 , -0.28953752863660370265 , -0.28953752863660370265
-0.83999999999999586109 , -0.6895173173902557906 , -0.71504253639744153048 , -0.71504253639744153048 , -0.71504253639744153048 , -0.71504253639744153048 , -0.71504253639744153048 , -0.71504253639744153048 , -0.71504253639744153048
-0.73499999999999587885 , -0.99836444964367720978 , -0.96519935212251417589 , -0.96519935212251417589 , -0.96519935212251417589 , -0.96519935212251417589 , -0.96519935212251417589 , -0.96519935212251417589 , -0.96519935212251417589
-0.62999999999999589662 , -1.0246754350943323431 , -0.9786626108440015237 , -0.9786626108440015237 , -0.9786626108440015237 , -0.9786626108440015237 , -0.9786626108440015237 , -0.9786626108440015237 , -0.9786626108440015237
-0.52499999999999591438 , -0.76100429101470701276 , -0.75213074943026647645 , -0.75213074943026647645 , -0.75213074943026647645 , -0.75213074943026647645 , -0.75213074943026647645 , -0.75213074943026647645 , -0.75213074943026647645
-0.41999999999999593214 , -0.28196968907116692904 , -0.34115564111324825358 , -0.34115564111324825358 , -0.34115564111324825358 , -0.34115564111324825358 , -0.34115564111324825358 , -0.34115564111324825358 , -0.34115564111324825358
-0.31499999999999594991 , 0.27686205458126950107 , 0.15348025915246096829 , 0.15348025915246096829 , 0.15348025915246096829 , 0.15348025915246096829 , 0.15348025915246096829 , 0.15348025915246096829 , 0.15348025915246096829
-0.20999999999999596767 , 0.75734211200809253839 , 0.61047855803692041565 , 0.61047855803692041565 , 0.61047855803692041565 , 0.61047855803692041565 , 0.61047855803692041565 , 0.61047855803692041565 , 0.61047855803692041565
-0.10499999999999597156 , 1.0234951045894027377 , 0.91777064228455407235 , 0.91777064228455407235 , 0.91777064228455407235 , 0.91777064228455407235 , 0.91777064228455407235 , 0.91777064228455407235 , 0.91777064228455407235
4.024558464266192459e-15 , 0.99999999999999356071 , 0.99999999999999844569 , 0.99999999999999844569 , 0.99999999999999844569 , 0.99999999999999844569 , 0.99999999999999844569 , 0.99999999999999844569 , 0.99999999999999844569
0.10500000000000402067 , 0.80762527837600328606 , 0.9572797224398761351 , 0.9572797224398761351 , 0.9572797224398761351 , 0.9572797224398761351 , 0.9572797224398761351 , 0.9572797224398761351 , 0.9572797224398761351
0.21000000000000401679 , 0.58245615647727455588 , 0.91339473914993229986 , 0.91339473914993229986 , 0.91339473914993229986 , 0.91339473914993229986 , 0.91339473914993229986 , 0.91339473914993229986 , 0.91339473914993229986
0.31500000000000399902 , 0.33363584280751690248 , 0.86839844423253054195 , 0.86839844423253054195 , 0.86839844423253054195 , 0.86839844423253054195 , 0.86839844423253054195 , 0.86839844423253054195 , 0.86839844423253054195
0.42000000000000398126 , 0.07126792523285080394 , 0.82234558390372769487 , 0.82234558390372769487 , 0.82234558390372769487 , 0.82234558390372769487 , 0.82234558390372769487 , 0.82234558390372769487 , 0.82234558390372769487
0.52500000000000401901 , -0.19399389490952084758 , 0.77529218988449466465 , 0.77529218988449466465 , 0.77529218988449466465 , 0.77529218988449466465 , 0.77529218988449466465 , 0.77529218988449466465 , 0.77529218988449466465
0.63000000000000400124 , -0.45137840658860223231 , 0.72729551122789071194 , 0.72729551122789071194 , 0.72729551122789071194 , 0.72729551122789071194 , 0.72729551122789071194 , 0.72729551122789071194 , 0.72729551122789071194
0.73500000000000398348 , -0.69043426445089606247 , 0.67841394466512516814 , 0.67841394466512516814 , 0.67841394466512516814 , 0.67841394466512516814 , 0.67841394466512516814 , 0.67841394466512516814 , 0.67841394466512516814
0.84000000000000396572 , -0.90145437573858155922 , 0.62870696355526267673 , 0.62870696355526267673 , 0.62870696355526267673 , 0.62870696355526267673 , 0.62870696355526267673 , 0.62870696355526267673 , 0.62870696355526267673
0.94500000000000394795 , -1.0758700661160758294 , 0.57823504552501403531 , 0.57823504552501403531 , 0.57823504552501403531 , 0.57823504552501403531 , 0.57823504552501403531 , 0.57823504552501403531 , 0.57823504552501403531
1.0500000000000040412 , -1.2065990189229394147 , 0.52705959888664843938 , 0.52705959888664843938 , 0.52705959888664843938 , 0.52705959888664843938 , 0.52705959888664843938 , 0.52705959888664843938 , 0.52705959888664843938
1.1550000000000040234 , -1.2883328594455099037 , 0.4752428879235600645 , 0.4752428879235600645 , 0.4752428879235600645 , 0.4752428879235600645 , 0.4752428879235600645 , 0.4752428879235600645 , 0.4752428879235600645
1.2600000000000040057 , -1.3177527065716478916 , 0.42284795713438932951 , 0.42284795713438932951 , 0.42284795713438932951 , 0.42284795713438932951 , 0.42284795713438932951 , 0.42284795713438932951 , 0.42284795713438932951
1.3650000000000039879 , -1.2936639391465811766 , 0.36993855452786672533 , 0.36993855452786672533 , 0.36993855452786672533 , 0.36993855452786672533 , 0.36993855452786672533 , 0.36993855452786672533 , 0.36993855452786672533
1.4700000000000039702 , -1.2170447047125110274 , 0.316579054061710774 , 0.316579054061710774 , 0.316579054061710774 , 0.316579054061710774 , 0.316579054061710774 , 0.316579054061710774 , 0.316579054061710774
1.5750000000000039524 , -1.0910062008880008211 , 0.26283437731994391262 , 0.26283437731994391262 , 0.26283437731994391262 , 0.26283437731994391262 , 0.26283437731994391262 , 0.26283437731994391262 , 0.26283437731994391262
1.6800000000000039346 , -0.92066634219989795795 , 0.20876991452392032467 , 0.20876991452392032467 , 0.20876991452392032467 , 0.20876991452392032467 , 0.20876991452392032467 , 0.20876991452392032467 , 0.20876991452392032467
1.7850000000000039169 , -0.7129419422474420065 , 0.15445144497317270238 , 0.15445144497317270238 , 0.15445144497317270238 , 0.15445144497317270238 , 0.15445144497317270238 , 0.15445144497317270238 , 0.15445144497317270238
1.8900000000000038991 , -0.47626784984141801171 , 0.099945057012870777702 , 0.099945057012870777702 , 0.099945057012870777702 , 0.099945057012870777702 , 0.099945057012870777702 , 0.099945057012870777702 , 0.099945057012870777702
1.9950000000000038813 , -0.22025444386524997697 , 0.045317067625272447473 , 0.045317067625272447473 , 0.045317067625272447473 , 0.045317067625272447473 , 0.045317067625272447473 , 0.045317067625272447473 , 0.045317067625272447473
2.1000000000000040856 , -0.062315631674678982621 , 0.012623697598242757112 , 0.012623697598242757112 , 0.012623697598242757112 , 0.012623697598242757112 , 0.012623697598242757112 , 0.012623697598242757112 , 0.012623697598242757112
2.2050000000000040679 , -0.017599207299479623784 , 0.003510229594635338058 , 0.003510229594635338058 , 0.003510229594635338058 , 0.003510229594635338058 , 0.003510229594635338058 , 0.003510229594635338058 , 0.003510229594635338058
2.3100000000000040501 , -0.0049703756384437284069 , 0.00097607786555097518499 , 0.00097607786555097518499 , 0.00097607786555097518499 , 0.00097607786555097518499 , 0.00097607786555097518499 , 0.00097607786555097518499 , 0.00097607786555097518499
2.4150000000000040323 , -0.0014037356096126768837 , 0.00027141472485862352341 , 0.00027141472485862352341 , 0.00027141472485862352341 , 0.00027141472485862352341 , 0.00027141472485862352341 , 0.00027141472485862352341 , 0.00027141472485862352341
2.5200000000000040146 , -0.00039644361010743377031 , 7.5471389599127356178e-05 , 7.5471389599127356178e-05 , 7.5471389599127356178e-05 , 7.5471389599127356178e-05 , 7.5471389599127356178e-05 , 7.5471389599127356178e-05 , 7.5471389599127356178e-05
2.6250000000000039968 , -0.00011196377360433370791 , 2.0986078227665104268e-05 , 2.0986078227665104268e-05 , 2.0986078227665104268e-05 , 2.0986078227665104268e-05 , 2.0986078227665104268e-05 , 2.0986078227665104268e-05 , 2.0986078227665104268e-05
2.730000000000003979 , -3.1620856737545428243e-05 , 5.8355289562969814789e-06 , 5.8355289562969814789e-06 , 5.8355289562969814789e-06 , 5.8355289562969814789e-06 , 5.8355289562969814789e-06 , 5.8355289562969814789e-06 , 5.8355289562969814789e-06
2.8350000000000039613 , -8.9303758584434890494e-06 , 1.6226661232439977691e-06 , 1.6226661232439977691e-06 , 1.6226661232439977691e-06 , 1.6226661232439977691e-06 , 1.6226661232439977691e-06 , 1.6226661232439977691e-06 , 1.6226661232439977691e-06
2.9400000000000039435 , -2.5221205622292971214e-06 , 4.5120937060597527773e-07 , 4.5120937060597527773e-07 , 4.5120937060597527773e-07 , 4.5120937060597527773e-07 , 4.5120937060597527773e-07 , 4.5120937060597527773e-07 , 4.5120937060597527773e-07
3.0450000000000039257 , -7.1229836585271393501e-07 , 1.2546628860139607175e-07 , 1.2546628860139607175e-07 , 1.2546628860139607175e-07 , 1.2546628860139607175e-07 , 1.2546628860139607175e-07 , 1.2546628860139607175e-07 , 1.2546628860139607175e-07
3.150000000000003908 , -2.0116760855713592033e-07 , 3.4887993470232189132e-08 , 3.4887993470232189132e-08 , 3.4887993470232189132e-08 , 3.4887993470232189132e-08 , 3.4887993470232189132e-08 , 3.4887993470232189132e-08 , 3.4887993470232189132e-08
3.2550000000000038902 , -5.6813841885136414024e-08 , 9.701188278916047085e-09 , 9.701188278916047085e-09 , 9.701188278916047085e-09 , 9.701188278916047085e-09 , 9.701188278916047085e-09 , 9.701188278916047085e-09 , 9.701188278916047085e-09
3.3600000000000038725 , -1.6045389478458270488e-08 , 2.6975771508120527469e-09 , 2.6975771508120527469e-09 , 2.6975771508120527469e-09 , 2.6975771508120527469e-09 , 2.6975771508120527469e-09 , 2.6975771508120527469e-09 , 2.6975771508120527469e-09
3.4650000000000038547 , -4.5315457461216582536e-09 , 7.5010630402859381847e-10 , 7.5010630402859381847e-10 , 7.5010630402859381847e-10 , 7.5010630402859381847e-10 , 7.5010630402859381847e-10 , 7.5010630402859381847e-10 , 7.5010630402859381847e-10
3.5700000000000038369 , -1.2798010840910094053e-09 , 2.0857956450812228923e-10 , 2.0857956450812228923e-10 , 2.0857956450812228923e-10 , 2.0857956450812228923e-10 , 2.0857956450812228923e-10 , 2.0857956450812228923e-10 , 2.0857956450812228923e-10
3.6750000000000038192 , -3.6144196850320068828e-10 , 5.7999025600429474541e-11 , 5.7999025600429474541e-11 , 5.7999025600429474541e-11 , 5.7999025600429474541e-11 , 5.7999025600429474541e-11 , 5.7999025600429474541e-11 , 5.7999025600429474541e-11
3.7800000000000038014 , -1.0207859504061728993e-10 , 1.6127596097595077618e-11 , 1.6127596097595077618e-11 , 1.6127596097595077618e-11 , 1.6127596097595077618e-11 , 1.6127596097595077618e-11 , 1.6127596097595077618e-11 , 1.6127596097595077618e-11
3.8850000000000037836 , -2.8829080387697331045e-11 , 4.484546993583250397e-12 , 4.484546993583250397e-12 , 4.484546993583250397e-12 , 4.484546993583250397e-12 , 4.484546993583250397e-12 , 4.484546993583250397e-12 , 4.484546993583250397e-12
3.9900000000000037659 , -8.1419211899380970685e-12 , 1.247003063318000633e-12 , 1.247003063318000633e-12 , 1.247003063318000633e-12 , 1.247003063318000633e-12 , 1.247003063318000633e-12 , 1.247003063318000633e-12 , 1.247003063318000633e-12
4.0950000000000041922 , -2.2994448581666274826e-12 , 3.4674999328794764154e-13 , 3.4674999328794764154e-13 , 3.4674999328794764154e-13 , 3.4674999328794764154e-13 , 3.4674999328794764154e-13 , 3.4674999328794764154e-13 , 3.4674999328794764154e-13
4.2000000000000046185 , -6.4941019845331167049e-13 , 9.6419617065952463955e-14 , 9.6419617065952463955e-14 , 9.6419617065952463955e-14 , 9.6419617065952463955e-14 , 9.6419617065952463955e-14 , 9.6419617065952463955e-14 , 9.6419617065952463955e-14
4.3050000000000050449 , -1.8340670547386925497e-13 , 2.6811082148817009015e-14 , 2.6811082148817009015e-14 , 2.6811082148817009015e-14 , 2.6811082148817009015e-14 , 2.6811082148817009015e-14 , 2.6811082148817009015e-14 , 2.6811082148817009015e-14
4.4100000000000054712 , -5.1797800054408868733e-14 , 7.4552684180328527048e-15 , 7.4552684180328527048e-15 , 7.4552684180328527048e-15 , 7.4552684180328527048e-15 , 7.4552684180328527048e-15 , 7.4552684180328527048e-15 , 7.4552684180328527048e-15
4.5150000000000058975 , -1.4628756803326250617e-14 , 2.0730616868208088033e-15 , 2.0730616868208088033e-15 , 2.0730616868208088033e-15 , 2.0730616868208088033e-15 , 2.0730616868208088033e-15 , 2.0730616868208088033e-15 , 2.0730616868208088033e-15
4.6200000000000063238 , -4.1314597412646106237e-15 , 5.7644936659414041698e-16 , 5.7644936659414041698e-16 , 5.7644936659414041698e-16 , 5.7644936659414041698e-16 , 5.7644936659414041698e-16 , 5.7644936659414041698e-16 , 5.7644936659414041698e-16
4.7250000000000067502 , -1.1668086238065837827e-15 , 1.6029135763749632539e-16 , 1.6029135763749632539e-16 , 1.6029135763749632539e-16 , 1.6029135763749632539e-16 , 1.6029135763749632539e-16 , 1.6029135763749632539e-16 , 1.6029135763749632539e-16
4.8300000000000071765 , -3.2953058963432657883e-16 , 4.4571684561085990135e-17 , 4.4571684561085990135e-17 , 4.4571684561085990135e-17 , 4.4571684561085990135e-17 , 4.4571684561085990135e-17 , 4.4571684561085990135e-17 , 4.4571684561085990135e-17
4.9350000000000076028 , -9.3066169797822321874e-17 , 1.2393900044853142684e-17 , 1.2393900044853142684e-17 , 1.2393900044853142684e-17 , 1.2393900044853142684e-17 , 1.2393900044853142684e-17 , 1.2393900044853142684e-17 , 1.2393900044853142684e-17
5.0400000000000080291 , -2.6283787403313239513e-17 , 3.4463305534546112816e-18 , 3.4463305534546112816e-18 , 3.4463305534546112816e-18 , 3.4463305534546112816e-18 , 3.4463305534546112816e-18 , 3.4463305534546112816e-18 , 3.4463305534546112816e-18
5.1450000000000084555 , -7.4230784587283265366e-18 , 9.5830967174913201214e-19 , 9.5830967174913201214e-19 , 9.5830967174913201214e-19 , 9.5830967174913201214e-19 , 9.5830967174913201214e-19 , 9.5830967174913201214e-19 , 9.5830967174913201214e-19
5.2500000000000088818 , -2.0964289871516213406e-18 , 2.66473982319356653e-19 , 2.66473982319356653e-19 , 2.66473982319356653e-19 , 2.66473982319356653e-19 , 2.66473982319356653e-19 , 2.66473982319356653e-19 , 2.66473982319356653e-19
