-1.5 , 0.10586268340588986248 , -0.49622133587180061731
-1.4939999999999999947 , 0.10870719612081325423 , -0.50600643860992544631
-1.4879999999999999893 , 0.11162814041979488011 , -0.51598449604119644984
-1.481999999999999984 , 0.11462757000679979491 , -0.52615931308362040575
-1.4759999999999999787 , 0.11770759376847764188 , -0.53653476968525781743
-1.4699999999999999734 , 0.12087037725691171519 , -0.54711482230375874103
-1.463999999999999968 , 0.12411814421221024907 , -0.55790350541507183202
-1.4579999999999999627 , 0.12745317812600848173 , -0.56890493305190525941
-1.4519999999999999574 , 0.13087782384698273819 , -0.58012330037252612946
-1.445999999999999952 , 0.1343944892295035054 , -0.59156288526049216614
-1.4399999999999999467 , 0.13800564682658833515 , -0.60322804995593148902
-1.4339999999999999414 , 0.14171383562834335978 , -0.61512324271899021522
-1.4279999999999999361 , 0.14552166284711728905 , -0.62725299952607960208
-1.4219999999999999307 , 0.14943180575062120496 , -0.63962194579957343255
-1.4159999999999999254 , 0.15344701354430501095 , -0.65223479817161500449
-1.4099999999999999201 , 0.15757010930431214479 , -0.66509636628270107916
-1.4039999999999999147 , 0.16180399196237307824 , -0.6782115546157381214
-1.3979999999999999094 , 0.1661516383440321265 , -0.69158536436625850374
-1.3919999999999999041 , 0.17061610526164161517 , -0.70522289534952031786
-1.3859999999999998987 , 0.17520053166359361718 , -0.71912934794521432558
-1.3799999999999998934 , 0.17990814084130232753 , -0.73331002508051312816
-1.3739999999999998881 , 0.18474224269548641941 , -0.74777033425223238261
-1.3679999999999998828 , 0.18970623606334721667 , -0.76251578958886168103
-1.3619999999999998774 , 0.19480361110827665305 , -0.77755201395325923563
-1.3559999999999998721 , 0.20003795177377756143 , -0.79288474108681061825
-1.3499999999999998668 , 0.20541293830331885939 , -0.80851981779586701293
-1.3439999999999998614 , 0.21093234982790012855 , -0.82446320618130020108
-1.3379999999999998561 , 0.21660006702314327232 , -0.84072098591202126805
-1.3319999999999998508 , 0.22242007483777903598 , -0.8572993565433320029
-1.3259999999999998455 , 0.22839646529544890829 , -0.87420463988099195163
-1.3199999999999998401 , 0.23453344037178938675 , -0.89144328239190362417
-1.3139999999999998348 , 0.24083531494882448598 , -0.90902185766233445374
-1.3079999999999998295 , 0.24730651984874105209 , -0.92694706890461175952
-1.3019999999999998241 , 0.2539516049491823968 , -0.9452257515132506116
-1.2959999999999998188 , 0.2607752423822474741 , -0.96386487567148337874
-1.2899999999999998135 , 0.26778222981944932446 , -0.9828715490091893825
-1.2839999999999998082 , 0.27497749384493674896 , -1.0022530193132386245
-1.2779999999999998028 , 0.28236609341935664519 , -1.0220166772912779862
-1.2719999999999997975 , 0.28995322343678753274 , -1.0421700593900191656
-1.2659999999999997922 , 0.29774421837724918127 , -1.0627208506691021572
-1.2599999999999997868 , 0.30574455605735273434 , -1.0836768877316262927
-1.2539999999999997815 , 0.31395986148173210539 , -1.1050461617124713865
-1.2479999999999997762 , 0.32239591079796070527 , -1.1268368213255450794
-1.2419999999999997708 , 0.33105863535773794037 , -1.149057175971120337
-1.2359999999999997655 , 0.33995412588719753355 , -1.171715698904447267
-1.2299999999999997602 , 0.34908863676927309738 , -1.1948210304668449577
-1.2239999999999997549 , 0.35846859044112783232 , -1.2183819813805130128
-1.2179999999999997495 , 0.36810058190974520587 , -1.2424075361083104507
-1.2119999999999997442 , 0.3779913833888501884 , -1.2669068562797858313
-1.2059999999999997389 , 0.38814794906042510148 , -1.2918892841847706698
-1.1999999999999997335 , 0.39857741996416756747 , -1.3173643463358599703
-1.1939999999999997282 , 0.40928712901832486892 , -1.3433417571011432301
-1.1879999999999997229 , 0.42028460617543944577 , -1.3698314224085694768
-1.1819999999999997176 , 0.43157758371662757746 , -1.3968434435233618718
-1.1759999999999997122 , 0.44317400168811432737 , -1.4243881208999180643
-1.1699999999999997069 , 0.4550820134838478026 , -1.4524759581096651218
-1.1639999999999997016 , 0.46730999157811692335 , -1.4811176658463744982
-1.1579999999999996962 , 0.47986653341220336655 , -1.5103241660104520516
-1.1519999999999996909 , 0.49276046743920814963 , -1.5401065958737727435
-1.1459999999999996856 , 0.5060008593313001235 , -1.5704763123266383129
-1.1399999999999996803 , 0.51959701835375304846 , -1.6014448962084846251
-1.1339999999999996749 , 0.5335585039102520577 , -1.6330241567239867084
-1.1279999999999996696 , 0.54789513226407082769 , -1.6652261359462430246
-1.1219999999999996643 , 0.56261698343984689608 , -1.6980631134087649237
-1.1159999999999996589 , 0.57773440831080447033 , -1.7315476107880105605
-1.1099999999999996536 , 0.59325803587641179337 , -1.7656923966782585023
-1.1039999999999996483 , 0.60919878073558719755 , -1.8005104914606369082
-1.097999999999999643 , 0.62556785076070819951 , -1.8360151722681663511
-1.0919999999999996376 , 0.64237675497782109613 , -1.8722199780487098764
-1.0859999999999996323 , 0.65963731165859007533 , -1.9091387147277583125
-1.079999999999999627 , 0.67736165662967517953 , -1.9467854604730259194
-1.0739999999999996216 , 0.69556225180538289177 , -1.9851745710628576624
-1.0679999999999996163 , 0.71425189394958621403 , -2.0243206853604940321
-1.061999999999999611 , 0.73344372367307786309 , -2.0642387308962892867
-1.0559999999999996056 , 0.75315123467267885982 , -2.1049439295600067545
-1.0499999999999996003 , 0.77338828321860220161 , -2.1464518034053554629
-1.043999999999999595 , 0.79416909789673950648 , -2.188778180568995424
-1.0379999999999995897 , 0.8155082896127210379 , -2.2319392013062557822
-1.0319999999999995843 , 0.83742086186478403853 , -2.2759513241458764199
-1.025999999999999579 , 0.85992222129267081865 , -2.3208313321661129258
-1.0199999999999995737 , 0.88302818850997355504 , -2.3665963393946047866
-1.0139999999999995683 , 0.90675500922754359578 , -2.4132637973344408522
-1.007999999999999563 , 0.93111936567578323931 , -2.460851501618917414
-1.0019999999999995577 , 0.95613838833385467186 , -2.5093775987975179831
-0.99599999999999955236 , 0.9818296679740488031 , -2.5588605932557140221
-0.98999999999999954703 , 1.0082112680297852236 , -2.6093193542712125321
-0.9839999999999995417 , 1.0353017372959387732 , -2.6607731232093501106
-0.97799999999999953637 , 1.063120122970420578 , -2.713241520860376621
-0.97199999999999953104 , 1.0916859840461849984 , -2.7667445549214195744
-0.96599999999999952571 , 1.1210194050630786222 , -2.8213026276259922653
-0.95999999999999952038 , 1.1511410102291952384 , -2.8769365435239464546
-0.95399999999999951505 , 1.1820719779216743994 , -2.9336675174148405532
-0.94799999999999950973 , 1.213834055577131199 , -2.9915171824377502219
-0.9419999999999995044 , 1.2464495749821880022 , -3.0505075983205967027
-0.93599999999999949907 , 1.279941467974865299 , -3.1106612597921574626
-0.92999999999999949374 , 1.3143332825678599729 , -3.1720011051599419361
-0.92399999999999948841 , 1.3496491995050581281 , -3.2345505250572248457
-0.91799999999999948308 , 1.3859140492629169472 , -3.2983333713625637706
-0.91199999999999947775 , 1.4231533295086700175 , -3.3633739662951978033
-0.90599999999999947242 , 1.4613932230276340807 , -3.4296971116898089527
-0.89999999999999946709 , 1.5006606161322162407 , -3.4973280984541617045
-0.89399999999999946176 , 1.5409831175655726021 , -3.5662927162132542769
-0.88799999999999945643 , 1.5823890779131990492 , -3.636617263143636869
-0.88199999999999945111 , 1.6249076095361147942 , -3.7083285560016538973
-0.87599999999999944578 , 1.6685686070396423819 , -3.7814539403494431546
-0.86999999999999944045 , 1.713402768292183298 , -3.8560213009825741182
-0.86399999999999943512 , 1.7594416160087618106 , -3.9320590725633204343
-0.85799999999999942979 , 1.8067175199145175668 , -4.009596250463604683
-0.85199999999999942446 , 1.8552637195037284812 , -4.0886624018217627707
-0.84599999999999941913 , 1.9051143474103591213 , -4.1692876768173361413
-0.8399999999999994138 , 1.9563044534065796576 , -4.2515028201681968056
-0.83399999999999940847 , 2.0088700290461134479 , -4.3353391828543861308
-0.82799999999999940314 , 2.062848032969754275 , -4.4208287340731358128
-0.82199999999999939782 , 2.1182764168908327918 , -4.5080040734296371596
-0.81599999999999939249 , 2.1751941522789115524 , -4.596898443368198528
-0.80999999999999938716 , 2.233641257760465848 , -4.6875457418485391159
-0.80399999999999938183 , 2.2936588272558156021 , -4.7799805352720490248
-0.7979999999999993765 , 2.3552890588720920562 , -4.8742380716629432058
-0.79199999999999937117 , 2.4185752845725536631 , -4.9703542941093399321
-0.78599999999999936584 , 2.4835620006431140538 , -5.0683658544693832582
-0.77999999999999936051 , 2.5502948989774947286 , -5.1683101273476461657
-0.77399999999999935518 , 2.6188208992030115319 , -5.2702252243471301441
-0.76799999999999934985 , 2.6891881816695710761 , -5.3741500086023110683
-0.76199999999999934452 , 2.7614462213250754452 , -5.4801241095987558438
-0.7559999999999993392 , 2.8356458225010587881 , -5.5881879382849790616
-0.74999999999999933387 , 2.911839154633003357 , -5.6983827024822932827
-0.74399999999999932854 , 2.9888845911335866212 , -5.8084169810953847346
-0.73799999999999932321 , 3.0655993520093542948 , -5.9159399391560043568
-0.73199999999999931788 , 3.1419749499130338322 , -6.0209050881604273542
-0.72599999999999931255 , 3.21800293502068957 , -6.1232670454963500362
-0.71999999999999930722 , 3.2936748959665740344 , -6.2229815540644448646
-0.71399999999999930189 , 3.3689824607737124396 , -6.320005501413323401
-0.70799999999999929656 , 3.4439172977801479902 , -6.4142969383795778171
-0.70199999999999929123 , 3.5184711165607103212 , -6.5058150972248869337
-0.6959999999999992859 , 3.5926356688442275811 , -6.5945204092622935477
-0.68999999999999928058 , 3.6664027494260778006 , -6.6803745219640848774
-0.68399999999999927525 , 3.7397641970759667451 , -6.7633403155438465149
-0.67799999999999926992 , 3.8127118954408558693 , -6.843381919005528502
-0.67199999999999926459 , 3.8852377739429089232 , -6.9204647256525992915
-0.66599999999999925926 , 3.9573338086723834905 , -6.9945554080505401018
-0.65999999999999925393 , 4.0289920232753582141 , -7.0656219324362714573
-0.6539999999999992486 , 4.1002044898361971192 , -7.1336335725682227249
-0.64799999999999924327 , 4.1709633297546515607 , -7.1985609230111062828
-0.64199999999999923794 , 4.2412607146175185235 , -7.2603759118496133951
-0.63599999999999923261 , 4.311088867064730934 , -7.3190518128255508401
-0.62999999999999922728 , 4.3804400616498089249 , -7.3745632568931807072
-0.62399999999999922196 , 4.4493066256945708048 , -7.4268862431877504804
-0.61799999999999921663 , 4.517680940137989154 , -7.4759981494024829729
-0.6119999999999992113 , 4.585555440379136094 , -7.5218777415695248223
-0.60599999999999920597 , 4.6529226171140924961 , -7.5645051832406462466
-0.59999999999999920064 , 4.719775017166739417 , -7.6038620440637005871
-0.59399999999999919531 , 4.7861052443133411671 , -7.6399313077511550318
-0.58799999999999918998 , 4.8519059601008267535 , -7.6726973794372304027
-0.58199999999999918465 , 4.9171698846586808784 , -7.7021460924204792065
-0.57599999999999917932 , 4.9818897975043539006 , -7.7282647142888878378
-0.56999999999999917399 , 5.0460585383421019401 , -7.7510419524248419521
-0.56399999999999916866 , 5.1096690078551674219 , -7.7704679588875968932
-0.55799999999999916334 , 5.1727141684912076869 , -7.7865343346711162198
-0.55199999999999915801 , 5.2351870452409015044 , -7.7992341333354593402
-0.54599999999999915268 , 5.297080726409626017 , -7.8085618640101364107
-0.53999999999999914735 , 5.3583883643821366149 , -7.814513493768132868
-0.53399999999999914202 , 5.4191031763801529308 , -7.817086449369583967
-0.52799999999999913669 , 5.479218445212766575 , -7.8162796183743337153
-0.52199999999999913136 , 5.5387275200196084413 , -7.812093349622913685
-0.51599999999999912603 , 5.5976238170066601185 , -7.8045294530857152182
-0.5099999999999991207 , 5.6559008201746516775 , -7.7935911990804322969
-0.50399999999999911537 , 5.7135520820399667841 , -7.7792833168581125847
-0.49799999999999911005 , 5.7705712243479583279 , -7.7616119925584214911
-0.49199999999999910472 , 5.8269519387786035125 , -7.7405848665350136528
-0.48599999999999909939 , 5.8826879876444291284 , -7.7162110300521549178
-0.47999999999999909406 , 5.9377732045806181915 , -7.6885010213540354584
-0.47399999999999908873 , 5.992201495227227781 , -7.6574668211084651048
-0.4679999999999990834 , 6.0459668379034390284 , -7.6231218472269262065
-0.46199999999999907807 , 6.0990632842737602104 , -7.5854809490632204572
-0.45599999999999907274 , 6.1514849600061323187 , -7.5445604009932214495
-0.44999999999999906741 , 6.2032260654218314144 , -7.5003778953784987493
-0.44399999999999906208 , 6.2542808761371135873 , -7.4529525349168732617
-0.43799999999999905675 , 6.3046437436965367951 , -7.4023048243831981452
-0.43199999999999905143 , 6.354309096197878759 , -7.3484566617639295316
-0.4259999999999990461 , 6.4032714389085834128 , -7.2914313287893470772
-0.41999999999999904077 , 6.4515253548736710698 , -7.2312534808674868714
-0.41399999999999903544 , 6.4990655055150439168 , -7.1679491364241583184
-0.40799999999999903011 , 6.5458866312221237749 , -7.1015456656536448676
-0.40199999999999902478 , 6.5919835519337457441 , -7.0320717786849638031
-0.39599999999999901945 , 6.6373511677112535523 , -6.9595575131687787973
-0.38999999999999901412 , 6.6819844593027406532 , -6.8840342212903644636
-0.38399999999999900879 , 6.7258784886983429274 , -6.8055345562142077753
-0.37799999999999900346 , 6.7690283996765669983 , -6.7240924579661207616
-0.37199999999999899813 , 6.8114294183415537987 , -6.6397431387589715968
-0.36599999999999899281 , 6.8530768536512391975 , -6.5525230677683721225
-0.35999999999999898748 , 6.893966097936349513 , -6.4624699553649094241
-0.35399999999999898215 , 6.9340926274101724047 , -6.3696227368097231292
-0.34799999999999897682 , 6.9734520026690427486 , -6.2740215554205160942
-0.34199999999999897149 , 7.0120398691834990856 , -6.1757077452152184804
-0.33599999999999896616 , 7.0498519577800511371 , -6.0747238130408716117
-0.32999999999999896083 , 7.0868840851134908831 , -5.9711134201954099154
-0.3239999999999989555 , 7.1231321541297285549 , -5.864921363550313238
-0.31799999999999895017 , 7.1585921545190638327 , -5.756193556182283011
-0.31199999999999894484 , 7.1932601631598664937 , -5.6449770075223133503
-0.30599999999999893951 , 7.2271323445526158835 , -5.5313198030307555442
-0.29999999999999893419 , 7.2602049512442397017 , -5.4152710834071280388
-0.29399999999999892886 , 7.2924743242427112477 , -5.2968810233437162438
-0.28799999999999892353 , 7.3239368934218695983 , -5.1762008098320917426
-0.2819999999999989182 , 7.3545891779163916624 , -5.0532826200319593823
-0.27599999999999891287 , 7.3844277865069063438 , -4.9281795987119050295
-0.26999999999999890754 , 7.4134494179951770931 , -4.8009458352717873098
-0.26399999999999890221 , 7.4416508615693324202 , -4.6716363403566969481
-0.25799999999999889688 , 7.4690289971590972939 , -4.5403070220726231554
-0.25199999999999889155 , 7.4955807957809765796 , -4.4070146618140917383
-0.24599999999999888622 , 7.5213033198733700857 , -4.2718168897142092533
-0.2399999999999988809 , 7.5461937236215730351 , -4.1347721597277908856
-0.23399999999999887557 , 7.5702492532726175511 , -3.9959397243582497339
-0.22799999999999887024 , 7.593467247439935619 , -3.8553796090392729035
-0.22199999999999886491 , 7.6158451373978088839 , -3.7131525861822711754
-0.21599999999999885958 , 7.6373804473655502179 , -3.5693201489009105387
-0.20999999999999885425 , 7.6580707947814161685 , -3.4239444844240054522
-0.20399999999999884892 , 7.6779138905662041026 , -3.2770884472083241512
-0.19799999999999884359 , 7.6969075393765011839 , -3.1288155317629087193
-0.19199999999999883826 , 7.7150496398475700843 , -2.9791898451966547512
-0.18599999999999883293 , 7.7323381848258279092 , -2.82827607950104154
-0.1799999999999988276 , 7.7487712615909165592 , -2.6761394835799756642
-0.17399999999999882228 , 7.7643470520673085744 , -2.5228458350388480724
-0.16799999999999881695 , 7.7790638330254546773 , -2.3684614117449998005
-0.16199999999999881162 , 7.7929199762724312706 , -2.2130529631719024763
-0.15599999999999880629 , 7.8059139488320772315 , -2.0566876815394348199
-0.14999999999999880096 , 7.8180443131145951341 , -1.8994331727627247197
-0.14399999999999879563 , 7.8293097270755991346 , -1.7413574272221388206
-0.1379999999999987903 , 7.839708944364589982 , -1.5825287903670317569
-0.13199999999999878497 , 7.8492408144628464939 , -1.4230159331659903987
-0.12599999999999877964 , 7.8579042828107157348 , -1.262887822416333794
-0.11999999999999877431 , 7.865698390924281469 , -1.1022136909257054249
-0.11399999999999876898 , 7.8726222765014055582 , -0.94106300757864935758
-0.10799999999999876366 , 7.878675173517132535 , -0.77950544730113435765
-0.10199999999999875833 , 7.8838564123084342583 , -0.6176108609359687307
-0.095999999999998752997 , 7.8881654196483026453 , -0.45544924504218181616
-0.089999999999998747668 , 7.8916017188091647228 , -0.2930907116313855032
-0.083999999999998742339 , 7.8941649296156288784 , -0.13060545785422011944
-0.07799999999999873701 , 7.895854768486542774 , 0.031936264349993734313
-0.071999999999998731681 , 7.8966710484663700242 , 0.19446417862731765758
-0.065999999999998726352 , 7.8966136792458696547 , 0.35690801459378751481
-0.059999999999998727962 , 7.8956826671720952149 , 0.51919753821744196731
-0.053999999999998729572 , 7.8938781152476842351 , 0.68126258218463209282
-0.047999999999998731182 , 7.8912002231194673385 , 0.84303307623747747446
-0.041999999999998732791 , 7.8876492870563783555 , 1.0044390774693578994
-0.035999999999998734401 , 7.8832256999166769873 , 1.1654108005653618374
-0.029999999999998736011 , 7.8779299511044884596 , 1.3258786479745703346
-0.023999999999998737621 , 7.8717626265156512844 , 1.4857732400011902651
-0.017999999999998739231 , 7.8647244084728997748 , 1.6450254448014656194
-0.011999999999998739106 , 7.8568160756503804265 , 1.8035664082734574887
-0.0059999999999987389809 , 7.8480385029874932812 , 1.9613275838267103524
1.2611439670351387576e-15 , 7.8383926615921000192 , 2.1182407620189929176
0.0060000000000012612689 , 7.8278796186330854567 , 2.2742381000472402519
0.012000000000001261394 , 7.8165005372222857716 , 2.4292521510800044737
0.018000000000001261519 , 7.804256676285812766 , 2.5832158934186773003
0.024000000000001263378 , 7.7911493904247688391 , 2.7360627594749273861
0.030000000000001261768 , 7.77718012976538553 , 2.8877266645517756238
0.036000000000001260159 , 7.7623504397985794157 , 3.0381420354159103248
0.042000000000001258549 , 7.746661961208979541 , 3.1872438386488455286
0.048000000000001256939 , 7.7301164296933970732 , 3.334967608764705993
0.054000000000001255329 , 7.7127156757688046795 , 3.481249476082439287
0.060000000000001253719 , 7.6944616245698140844 , 3.6260261943404508145
0.06600000000000125211 , 7.6753562956356873315 , 3.7692351680416789073
0.072000000000001257439 , 7.6554018026869083968 , 3.9108144795173114261
0.078000000000001262768 , 7.6346003533913311401 , 4.0507029156974372341
0.084000000000001268097 , 7.6129542491199266863 , 4.1888399945770737887
0.090000000000001273426 , 7.5904658846921808646 , 4.3251659913660729373
0.096000000000001278755 , 7.5671377481111354868 , 4.4596219643116885578
0.10200000000000128408 , 7.5429724202881320849 , 4.5921497801825470475
0.10800000000000128941 , 7.5179725747572723193 , 4.7226921394030769719
0.11400000000000129474 , 7.4921409773796288079 , 4.8511926008274803834
0.12000000000000130007 , 7.4654804860372436792 , 4.9775956061425663535
0.1260000000000013054 , 7.4379940503169503785 , 5.1018465038888818341
0.13200000000000131073 , 7.4096847111840400402 , 5.2238915730897454992
0.13800000000000131606 , 7.380555600645830161 , 5.3436780464780024857
0.14400000000000132139 , 7.3506099414051488949 , 5.4611541333104050011
0.15000000000000132672 , 7.3198510465037935901 , 5.5762690417598097525
0.15600000000000133205 , 7.2882823189559946542 , 5.6889730008754701984
0.16200000000000133737 , 7.2559072513719167219 , 5.7992172821019458695
0.1680000000000013427 , 7.2227294255712557458 , 5.9069542203473330844
0.17400000000000134803 , 7.188752512186967536 , 6.0121372345916794799
0.18000000000000135336 , 7.1539802702591615002 , 6.114720848026707678
0.18600000000000135869 , 7.1184165468192226456 , 6.2146607077181164058
0.19200000000000136402 , 7.0820652764641911503 , 6.3119136037819600915
0.19800000000000136935 , 7.0449304809214616796 , 6.4064374880668291112
0.20400000000000137468 , 7.0070162686038353073 , 6.4981914923337376067
0.21000000000000138001 , 6.9683268341549906566 , 6.5871359459258753688
0.21600000000000138534 , 6.9288664579853982417 , 6.6732323929205570323
0.22200000000000139067 , 6.888639505798768603 , 6.7564436087559913702
0.22800000000000139599 , 6.8476504281090475601 , 6.8367336163256418047
0.23400000000000140132 , 6.8059037597480260828 , 6.9140677015332556721
0.24000000000000140665 , 6.7634041193636411649 , 6.9884124283018049795
0.24600000000000141198 , 6.720156208908983686 , 7.0597356530298736033
0.25200000000000138956 , 6.6761648131220958646 , 7.1280065384892257185
0.25800000000000139488 , 6.6314347989966160313 , 7.1931955671575584788
0.26400000000000140021 , 6.5859711152433133563 , 7.2552745539806604569
0.27000000000000140554 , 6.5397787917425924675 , 7.3142166585584726946
0.27600000000000141087 , 6.4928629389880061495 , 7.3699963967497712503
0.2820000000000014162 , 6.4452287475208587253 , 7.4225896516904619205
0.28800000000000142153 , 6.3968814873559489698 , 7.4719736842207229444
0.29400000000000142686 , 6.3478265073985218336 , 7.5181271427164766408
0.30000000000000143219 , 6.2980692348524858204 , 7.5610300723209586948
0.30600000000000143752 , 6.2476151746199883874 , 7.6006639235723758574
0.31200000000000144285 , 6.1964699086923626936 , 7.6370115604239270368
0.31800000000000144817 , 6.1446390955325735916 , 7.6700572676527283278
0.3240000000000014535 , 6.0921284694491912859 , 7.6997867576544285484
0.33000000000000145883 , 6.0389438399619779219 , 7.7261871766205816314
0.33600000000000146416 , 5.9850910911591403973 , 7.7492471100961015651
0.34200000000000146949 , 5.9305761810463568651 , 7.7689565879144071303
0.34800000000000147482 , 5.8754051408876026841 , 7.7853070885081114838
0.35400000000000148015 , 5.8195840745378850656 , 7.7982915425933923004
0.36000000000000148548 , 5.7631191577679405924 , 7.807904336226466846
0.36600000000000149081 , 5.7060166375809773243 , 7.814141313230825503
0.37200000000000149614 , 5.648282831521541425 , 7.8169997769941907961
0.37800000000000150147 , 5.5899241269765669315 , 7.8164784916344256516
0.38400000000000150679 , 5.5309469804687152461 , 7.8125776825338739684
0.39000000000000151212 , 5.4713579169420487602 , 7.8052990362419176762
0.39600000000000151745 , 5.4111635290401496334 , 7.7946456997457795879
0.40200000000000152278 , 5.3503704763767361285 , 7.7806222791098971214
0.40800000000000152811 , 5.2889854847988821973 , 7.7632348374844513117
0.41400000000000153344 , 5.2270153456428927186 , 7.7424908924839019875
0.42000000000000153877 , 5.1644669149829551813 , 7.7183994129366944037
0.4260000000000015441 , 5.1013471128726051163 , 7.6909708150074926891
0.43200000000000154943 , 5.0376629225791340616 , 7.6602169576936676165
0.43800000000000155476 , 4.9734213898109915775 , 7.6261511376979518317
0.44400000000000156009 , 4.9086296219382798967 , 7.5887880836794900929
0.45000000000000156541 , 4.8432947872064353589 , 7.5481439498857785253
0.45600000000000157074 , 4.7774241139431623537 , 7.5042363091682231513
0.46200000000000157607 , 4.7110248897587281292 , 7.457084145384374807
0.4680000000000015814 , 4.644104460739701068 , 7.4067078451900769664
0.47400000000000158673 , 4.5766702306362097019 , 7.3531291892251227083
0.48000000000000159206 , 4.5087296600428325988 , 7.2963713426962035768
0.48600000000000159739 , 4.4402902655731910642 , 7.2364588453612173069
0.49200000000000160272 , 4.3713596190283485754 , 7.1734176009192971435
0.49800000000000160805 , 4.301945346559105765 , 7.1072748658111093434
0.50400000000000155786 , 4.2320551278222779956 , 7.038059237434295845
0.51000000000000156319 , 4.1616966951310558898 , 6.9658006417791327181
0.51600000000000156852 , 4.0908778325995385217 , 6.8905303204897627722
0.52200000000000157385 , 4.0196063752815414105 , 6.8122808173565978507
0.52800000000000157918 , 3.9478902083037588078 , 6.7310859642457145924
0.53400000000000158451 , 3.8757372659933992942 , 6.6469808664713569968
0.54000000000000158984 , 3.8031555310003595238 , 6.5600018876178376459
0.54600000000000159517 , 3.7301530334140715617 , 6.47018663381741721
0.5520000000000016005 , 3.6567378498750922056 , 6.3775739374909665713
0.55800000000000160583 , 3.5829181026815377642 , 6.2822038405584201826
0.56400000000000161116 , 3.5087019588904762024 , 6.1841175771262983929
0.57000000000000161648 , 3.4340976294143645831 , 6.0833575556597772049
0.57600000000000162181 , 3.3591133681126312815 , 5.9799673406470139625
0.58200000000000162714 , 3.2837574708785099986 , 5.8739916337636515209
0.58800000000000163247 , 3.2080382747212219385 , 5.7654762545456508249
0.5940000000000016378 , 3.1319641568436149548 , 5.6544681205788167588
0.60000000000000164313 , 3.0555435337153418196 , 5.5410152272135597684
0.60600000000000164846 , 2.9787848601417090677 , 5.4251666268136720106
0.61200000000000165379 , 2.9016966283282776828 , 5.3069724075481206071
0.61800000000000165912 , 2.8242873669413226523 , 5.1864836717349707129
0.62400000000000166445 , 2.74656564016427307 , 5.0637525137468486491
0.63000000000000166978 , 2.6685400467502011779 , 4.9388319974874832496
0.6360000000000016751 , 2.5902192190705033426 , 4.8117761334490447567
0.64200000000000168043 , 2.5116118221598573435 , 4.6826398553602466279
0.64800000000000168576 , 2.432726552757563887 , 4.5514789964352457829
0.65400000000000169109 , 2.353572138345379372 , 4.4183502652336699157
0.66000000000000169642 , 2.2741573361819589216 , 4.2833112211421617843
0.66600000000000170175 , 2.1944909323339838458 , 4.1464202494880630923
0.67200000000000170708 , 2.1145817407041205271 , 4.0077365362960186701
0.67800000000000171241 , 2.0344386020558928863 , 3.8673200426983571631
0.68400000000000171774 , 1.9540703830355816706 , 3.7252314790103753239
0.69000000000000172307 , 1.8734859751912673609 , 3.5815322784816809865
0.6960000000000017284 , 1.7926942939891037376 , 3.4362845707350015978
0.70200000000000173372 , 1.7117042778269599967 , 3.2895511549038789489
0.70800000000000173905 , 1.6305248870455191224 , 3.1413954724809109997
0.71400000000000174438 , 1.5491651029369488679 , 2.9918815798882634205
0.72000000000000174971 , 1.4676339267512539255 , 2.8410741207822942656
0.72600000000000175504 , 1.3859403787004278552 , 2.6890382981043154942
0.73200000000000176037 , 1.3040934969604920379 , 2.5358398458895123895
0.7380000000000017657 , 1.2221023366715599856 , 2.3815450008462524245
0.74400000000000177103 , 1.1399759689360224879 , 2.2262204737180617542
0.75000000000000177636 , 1.0577234798149597328 , 2.0699334204406301119
0.75600000000000178169 , 0.97853227127093556081 , 1.9189753775627780286
0.76200000000000178701 , 0.90527006745294824608 , 1.7790265442007859864
0.76800000000000179234 , 0.8374929668511247316 , 1.6492840304134919194
0.77400000000000179767 , 0.77479030263148995772 , 1.5290035001692305894
0.780000000000001803 , 0.71678215437301340263 , 1.4174949010714883446
0.78600000000000180833 , 0.66311704609961241719 , 1.314118505511124857
0.79200000000000181366 , 0.61346981665930677696 , 1.2182812405331535643
0.79800000000000181899 , 0.5675396495469813285 , 1.1294332853624324819
0.80400000000000182432 , 0.52504825023329682043 , 1.0470649170681898266
0.81000000000000182965 , 0.48573815995604024964 , 0.97070358627087960368
0.81600000000000183498 , 0.44937119575704298491 , 0.89991120611462760426
0.82200000000000184031 , 0.41572700731272571595 , 0.83428163895203111267
0.82800000000000184563 , 0.3846017418139919819 , 0.77343836632236551143
0.83400000000000185096 , 0.3558068088058725098 , 0.71703232885580125977
0.84000000000000185629 , 0.32916773750298439216 , 0.66473992371110901534
0.84600000000000186162 , 0.30452311965719003339 , 0.61626114805810250363
0.85200000000000186695 , 0.28172363157220564611 , 0.57131787795393362828
0.85800000000000187228 , 0.2606311293394695805 , 0.52965227273910775452
0.86400000000000187761 , 0.24111781181323180268 , 0.4910252957992013445
0.87000000000000188294 , 0.22306544625326441 , 0.45521534320585316236
0.87600000000000188827 , 0.20636465194330128048 , 0.42201697236951146719
0.8820000000000018936 , 0.1909142374445932655 , 0.39123972341018187215
0.88800000000000189893 , 0.1766205874689464328 , 0.36270702648435465543
0.89400000000000190425 , 0.16339709565625804011 , 0.33625518879941701522
0.90000000000000190958 , 0.15116363981970395991 , 0.31173245550402572945
0.90600000000000191491 , 0.13984609647904733265 , 0.28899813906674753916
0.91200000000000192024 , 0.12937589174058641839 , 0.26792181214818860946
0.91800000000000192557 , 0.11968958580248791057 , 0.24838255933610134396
0.9240000000000019309 , 0.11072848856799055728 , 0.23026828345065372683
0.93000000000000193623 , 0.1024383040374492182 , 0.2134750624401181851
0.93600000000000194156 , 0.094768801324561571797 , 0.1979065531774736042
0.94200000000000194689 , 0.087673510303440005398 , 0.18347343873748678256
0.94800000000000195222 , 0.08110944004242907901 , 0.17009291598328893369
0.95400000000000195755 , 0.075036818318637191205 , 0.15768822052271788681
0.96000000000000196287 , 0.069418850634880374662 , 0.14618818630908922418
0.9660000000000019682 , 0.064221497278902126005 , 0.13552683735981468915
0.97200000000000197353 , 0.059413267074054317007 , 0.12564300925054752711
0.97800000000000197886 , 0.054965026571757502616 , 0.11647999821335724979
0.98400000000000198419 , 0.050849823529622723006 , 0.10798523582580131508
0.99000000000000198952 , 0.047042723605675067222 , 0.1001099874245767879
0.99600000000000199485 , 0.043520659279195690605 , 0.092809072513543824923
1.0020000000000020002 , 0.040262290082782328793 , 0.08604060556209429389
1.0080000000000020055 , 0.037247873298762938787 , 0.079765755706820151705
1.0140000000000020108 , 0.034459144336501691674 , 0.073948523977883109937
1.0200000000000020162 , 0.031879206065794175873 , 0.068555536772028510817
1.0260000000000020215 , 0.029492426435813873242 , 0.063555854387392682336
1.0320000000000020268 , 0.027284343759274999608 , 0.0589207935216629064
1.0380000000000020322 , 0.025241579087921024727 , 0.054623762715258088185
1.0440000000000020375 , 0.023351755148414900243 , 0.050640109795463100761
1.0500000000000020428 , 0.021603421347457171797 , 0.046946980446300100309
1.0560000000000020481 , 0.019985984391732037474 , 0.043523187092748841232
1.0620000000000020535 , 0.018489644102301999729 , 0.040349087347101297851
1.0680000000000020588 , 0.017105334034545588429 , 0.03740647132009432968
1.0740000000000020641 , 0.015824666543849570666 , 0.034678457150321716218
1.0800000000000020695 , 0.014639881964204164849 , 0.032149394152574846395
1.0860000000000020748 , 0.013543801591770716908 , 0.029804773029472129281
1.0920000000000020801 , 0.012529784188545025486 , 0.027631142631258674702
1.0980000000000020854 , 0.011591685742569073081 , 0.025616032786225269302
1.1040000000000020908 , 0.010723822240874694364 , 0.02374788275902280435
1.1100000000000020961 , 0.0099209352295976799274 , 0.02201597492643578291
1.1160000000000021014 , 0.0091781599525883571233 , 0.020410373290111111233
1.1220000000000021068 , 0.0084909958754677532927 , 0.018921866473488150456
1.1280000000000021121 , 0.0078552794165325200149 , 0.017541914875902082233
1.1340000000000021174 , 0.007267158719282772357 , 0.016262601680682328004
1.1400000000000021227 , 0.006723070313717711792 , 0.01507658743617813768
1.1460000000000021281 , 0.006219717524987999728 , 0.013977067949141793943
1.1520000000000021334 , 0.0057540504985810455099 , 0.012957735248902552821
1.1580000000000021387 , 0.0053232477210103925844 , 0.012012741398381846999
1.1640000000000021441 , 0.0049246989240414717343 , 0.011136664944332689414
1.1700000000000021494 , 0.0045559892688690943954 , 0.010324479814327408578
1.1760000000000021547 , 0.0042148847144174283325 , 0.0095715264820550229746
1.18200000000000216 , 0.0038993184811077128381 , 0.0088734852355027652587
1.1880000000000021654 , 0.0036073785280767078562 , 0.0082263513946607396549
1.1940000000000021707 , 0.0033372959679692855602 , 0.0076264123365730063925
1.200000000000002176 , 0.0030874343491094843883 , 0.007070226195927232539
1.2060000000000021814 , 0.002856279740109895441 , 0.0065546021189877463897
1.2120000000000021867 , 0.0026424315568411588934 , 0.0060765819575881677844
1.218000000000002192 , 0.0024445940761815376611 , 0.0056334232981617654926
1.2240000000000021974 , 0.0022615685851276336703 , 0.0052225837284465403271
1.2300000000000022027 , 0.0020922461176971210092 , 0.0048417062516027788502
1.236000000000002208 , 0.0019356007356158206386 , 0.0044886057640635083216
1.2420000000000022133 , 0.0017906833120762243993 , 0.0041612565195409314395
1.2480000000000022187 , 0.0016566157809028208767 , 0.0038577805072695417997
1.254000000000002224 , 0.0015325858162794142245 , 0.0035764366778116029634
1.2600000000000022293 , 0.001417841910802503276 , 0.0033156109546131828578
1.2660000000000022347 , 0.0013116888220382635043 , 0.0030738069740067794182
1.27200000000000224 , 0.0012134833599934291733 , 0.0028496375005357026458
1.2780000000000022453 , 0.0011226304899760641744 , 0.0026418164683497343849
1.2840000000000022506 , 0.0010385797272331148515 , 0.0024491516030133121326
1.290000000000002256 , 0.0009608218015195793809 , 0.0022705375813974180456
1.2960000000000022613 , 0.00088888557138966611641 , 0.0021049496904132713147
1.3020000000000022666 , 0.00082233516951335722863 , 0.0019514379482078209483
1.308000000000002272 , 0.0007607673617216547746 , 0.0018091216540942090408
1.3140000000000022773 , 0.00070380910377873203733 , 0.0016771843359500010744
1.3200000000000022826 , 0.0006511152810772873837 , 0.0015548690660962944093
1.3260000000000022879 , 0.00060236661756174123255 , 0.0014414741187847787685
1.3320000000000022933 , 0.00055726774120926038034 , 0.001336348944379650008
1.3380000000000022986 , 0.0005155453943472238865 , 0.0012388904371381504171
1.3440000000000023039 , 0.00047694677796328554522 , 0.0011485394751779088099
1.3500000000000023093 , 0.00044123801997608577382 , 0.0010647777127807858243
1.3560000000000023146 , 0.00040820275818574414681 , 0.00098712460663057609821
1.3620000000000023199 , 0.00037764082931810805197 , 0.00091513465892404527446
1.3680000000000023253 , 0.00034936705621958503553 , 0.00084839486153894059367
1.3740000000000023306 , 0.00032321012585406343502 , 0.00078652232659611050983
1.3800000000000023359 , 0.00029901155130362678776 , 0.00072916208982221042932
1.3860000000000023412 , 0.00027662471148373331091 , 0.00067598507411082884265
1.3920000000000023466 , 0.00025591396275442384592 , 0.00062668620159893513328
1.3980000000000023519 , 0.00023675381704473539082 , 0.00058098264342758504462
1.4040000000000023572 , 0.00021902818151051860153 , 0.00053861219714571397822
1.4100000000000023626 , 0.00020262965511867530536 , 0.0004993317824481492348
1.4160000000000023679 , 0.00018745887789577202155 , 0.00046291604661784598778
1.4220000000000023732 , 0.00017342392889807214549 , 0.00042915607167174030191
1.4280000000000023785 , 0.00016043976925523813562 , 0.00039785817579307856473
1.4340000000000023839 , 0.00014842772691306621927 , 0.00036884280217401284666
1.4400000000000023892 , 0.00013731501995326188454 , 0.00034194348889372432098
1.4460000000000023945 , 0.00012703431560201876587 , 0.00031700591392223908052
1.4520000000000023999 , 0.00011752332225539606676 , 0.00029388700977109967396
1.4580000000000024052 , 0.00010872441204954355837 , 0.00027245414271162419258
1.4640000000000024105 , 0.00010058427168890022999 , 0.00025258435185189959159
1.4700000000000024158 , 9.3053579416702583661e-05 , 0.00023416364370708553323
1.4760000000000024212 , 8.6086706170544527428e-05 , 0.00021708633821595360396
1.4820000000000024265 , 7.964143911226550241e-05 , 0.00020125446245174483432
1.4880000000000024318 , 7.3678725857011860925e-05 , 0.00018657718854904977216
1.4940000000000024372 , 6.8162437851737196488e-05 , 0.00017297031262208354026
1.5000000000000024425 , 6.3059151469430226814e-05 , 0.00016035577168489650369
