4.0536679401158624003 , 12.695727030115104839 , 9.5541343765253117226 , 6.4125417229355186066 , 3.2709490693457254906
4.1416325344163764655 , 11.382653419145558615 , 8.2410607655557654994 , 5.0994681119659723834 , 1.9578754583761792674
4.2295971287168905306 , 10.982932685166895581 , 7.8413400315771024651 , 4.6997473779873093491 , 1.5581547243975162331
4.3175617230174045957 , 10.721381343970088906 , 7.5797886903802957903 , 4.4381960367905026743 , 1.2966033832007095583
4.4055263173179186609 , 10.521417435663881434 , 7.3798247820740883185 , 4.2382321284842952025 , 1.0966394748945020865
4.493490911618432726 , 10.355403928043514838 , 7.2138112744537217225 , 4.0722186208639286065 , 0.93062596727413549047
4.5814555059189467912 , 13.35187923547949751 , 10.210286581889704394 , 7.0686939282999112777 , 3.9271012747101181617
4.6694201002194608563 , 13.22051244128542713 , 10.078919787695634014 , 6.9373271341058408979 , 3.7957344805160477819
4.7573846945199749214 , 13.098588340716208478 , 9.9569956871264153619 , 6.8154030335366222459 , 3.6738103799468291299
4.8453492888204889866 , 12.983323401613587222 , 9.8417307480237941064 , 6.7001380944340009904 , 3.5585454408442078744
4.9333138831210030517 , 12.872821567375604346 , 9.7312289137858112298 , 6.5896362601960181138 , 3.4480436066062249978
5.0212784774215171169 , 12.765736117412890493 , 9.6241434638230973775 , 6.4825508102333042615 , 3.3409581566435111455
5.109243071722031182 , 12.66107725520036098 , 9.5194846016105678643 , 6.3778919480207747483 , 3.2362992944309816323
5.1972076660225452471 , 12.558096458628506653 , 9.4165038050387135371 , 6.2749111514489204211 , 3.1333184978591273051
5.2851722603230593123 , 12.456213815203604156 , 9.3146211616138110401 , 6.1730285080240179241 , 3.0314358544342248081
5.3731368546235733774 , 12.354970664340472197 , 9.2133780107506790813 , 6.0717853571608859653 , 2.9301927035710928493
5.4611014489240874425 , 12.25399777665144363 , 9.1124051230616505137 , 5.9708124694718573977 , 2.8292198158820642817
5.5490660432246015077 , 12.152993417556949396 , 9.0114007639671562799 , 5.8698081103773631639 , 2.7282154567875700479
5.6370306375251155728 , 12.051707893968929497 , 8.910115240379136381 , 5.768522586789343265 , 2.626929933199550149
5.724995231825629638 , 11.949932466207904724 , 8.8083398126181116083 , 5.6667471590283184923 , 2.5251545054385253763
5.8129598261261437031 , 11.847491265543864003 , 8.705898611954070887 , 5.564305958364277771 , 2.422713304774484655
5.9009244204266577682 , 11.744235319783093985 , 8.6026426661933008688 , 5.4610500126035077528 , 2.3194573590137146368
5.9888890147271718334 , 11.64003807855567274 , 8.4984454249658796243 , 5.3568527713760865083 , 2.2152601177862933923
6.0768536090276858985 , 11.534792015369518481 , 8.3931993617797253648 , 5.2516067081899322488 , 2.1100140546001391328
6.1648182033281999637 , 11.428406004937635032 , 8.2868133513478419161 , 5.1452206977580488001 , 2.0036280441682556841
6.2527827976287140288 , 11.32080325548767874 , 8.1792106018978856241 , 5.0376179483080925081 , 1.8960252947182993921
6.3407473919292280939 , 11.211919631265830688 , 8.070326977676037572 , 4.928734324086244456 , 1.78714167049645134
6.4287119862297421591 , 11.101702239396402661 , 7.9601095858066095445 , 4.8185169322168164285 , 1.6769242786270233125
6.5166765805302562242 , 10.990108183543862097 , 7.8485155299540689811 , 4.7069228763642758651 , 1.5653302227744827491
6.6046411748307702894 , 10.877103408306654231 , 7.7355107547168611148 , 4.5939181011270679988 , 1.4523254475372748828
6.6926057691312843545 , 10.762661575500047206 , 7.6210689219102540903 , 4.4794762683204609743 , 1.3378836147306678583
6.7805703634317984196 , 10.646762928117270874 , 7.5051702745274777584 , 4.3635776209376846424 , 1.2219849673478915264
6.8685349577323124848 , 10.529393110818727308 , 7.3878004572289341922 , 4.2462078036391410762 , 1.1046151500493479602
6.9564995520328265499 , 10.410541927845198273 , 7.2689492742554051574 , 4.1273566206656120414 , 0.98576396707581892542
7.0444641463333406151 , 10.290202030485245288 , 7.1486093768954521721 , 4.0070167233056590561 , 0.86542406971586594011
7.1324287406338546802 , 10.168367536597722633 , 7.0267748830079295175 , 3.8851822294181364015 , 0.74358957582834328548
7.2203933349343687453 , 10.045032593979305702 , 6.9034399403895125857 , 3.7618472867997194697 , 0.62025463320992635374
7.3083579292348828105 , 9.9201899072819781367 , 6.7785972536921850207 , 3.6370046001023919047 , 0.49541194651259878867
7.3963225235353968756 , 9.7938292544471057255 , 6.6522366008573126095 , 3.5106439472675194935 , 0.3690512936777263775
7.4842871178359109408 , 9.6659360230438782224 , 6.5243433694540851064 , 3.3827507158642919904 , 0.24115806227449887444
7.5722517121364250059 , 9.5364897994457660246 , 6.3948971458559729086 , 3.2533044922661797926 , 0.11171183867638667664
7.660216306436939071 , 9.405463044603786571 , 6.263870391013993455 , 3.122277737424200339 , -0.01931491616559277702
7.7481809007374531362 , 9.2728198896250493277 , 6.1312272360352562117 , 2.9896345824454630957 , -0.15195807114433002027
7.8361454950379672013 , 9.1385150829526224925 , 5.9969224293628293765 , 2.8553297757730362605 , -0.28626287781675685551
7.9241100893384812665 , 9.0024931192913868472 , 5.8609004657015937312 , 2.7193078121118006152 , -0.42228484147799250081
8.0120746836389962198 , 8.8646875791978292369 , 5.7230949256080361209 , 2.5815022720182430049 , -0.56009038157155011106
8.1000392779395102849 , 8.7250207080623667366 , 5.5834280544725736206 , 2.4418354008827805046 , -0.69975725270701261138
8.18800387224002435 , 8.583403264532250887 , 5.441810610942457771 , 2.300217957352664655 , -0.84137469623712846101
8.2759684665405384152 , 8.4397346714802594647 , 5.2981420178904663487 , 2.1565493643006732327 , -0.98504328928911988328
8.3639330608410524803 , 8.2939035072989586439 , 5.1523108537091655279 , 2.0107182001193724119 , -1.1308744534704207041
8.4518976551415665455 , 8.1457883810028128835 , 5.0041957274130197675 , 1.8626030738232266515 , -1.2789895797665664645
8.5398622494420806106 , 7.9952592401555380164 , 4.8536665865657449004 , 1.7120739329759517844 , -1.4295187206138413316
8.6278268437425946757 , 7.8421791640546167912 , 4.7005865104648236752 , 1.5589938568750305592 , -1.5825987967147625568
8.7157914380431087409 , 7.6864066930478287532 , 4.5448140394580356372 , 1.4032213858682425212 , -1.7383712677215505948
8.803756032343622806 , 7.5277987344969119476 , 4.3862060809071188316 , 1.2446134273173257156 , -1.8969792262724674003
8.8917206266441368712 , 10.507806715597412861 , 7.366214062007619745 , 4.224621408417826629 , 1.083028754828033513
8.9796852209446509363 , 10.34311003545022345 , 7.2015173818604303335 , 4.0599247282706372175 , 0.91833207468084410152
9.0676498152451650014 , 10.175176527793523107 , 7.0335838742037299909 , 3.8919912206139368749 , 0.75039856702414375889
9.1556144095456790666 , 10.00389667709956143 , 6.8623040235097683137 , 3.7207113699199751977 , 0.57911871633018208172
9.2435790038461931317 , 9.8291810877873277974 , 6.6875884341975346814 , 3.5459957806077415654 , 0.40440312701794844941
9.3315435981467071969 , 9.6509648448240312746 , 6.5093721912342381586 , 3.3677795376444450426 , 0.22618688405465192659
9.419508192447221262 , 9.4692108428917070029 , 6.3276181893019138869 , 3.1860255357121207709 , 0.044432882122327654884
9.5074727867477353271 , 9.283911398835659412 , 6.142318745245866296 , 3.00072609165607318 , -0.14086656193371993595
9.5954373810482493923 , 9.0950874156153354022 , 5.9534947620255422862 , 2.8119021084357491702 , -0.32969054515404394579
9.6834019753487634574 , 8.9027844170246996924 , 5.7611917634349065764 , 2.6195991098451134604 , -0.52199354374467965556
9.7713665696492775226 , 8.7070649443809298162 , 5.5654722907911367002 , 2.4238796372013435843 , -0.71771301638844953175
9.8593311639497915877 , 8.507997097145054255 , 5.366404443555261139 , 2.224811789965468023 , -0.91678086362432509304
9.9472957582503056528 , 8.3056393723469437163 , 5.1640467187571506003 , 2.0224540651673574843 , -1.1191385884224356317
10.035260352550819718 , 8.1000223434083569174 , 4.9584296898185638014 , 1.8168370362287706854 , -1.3247556173610224306
10.123224946851333783 , 7.8911280327290782566 , 4.7495353791392851406 , 1.6079427255494920246 , -1.5336499280403010914
10.211189541151847848 , 7.6788680039160439605 , 4.5372753503262508445 , 1.3956826967364577285 , -1.7459099568533353874
10.299154135452361913 , 7.4630612061157863835 , 4.3214685525259932675 , 1.1798758989362001515 , -1.9617167546535929645
10.387118729752875979 , 7.2434124944893714115 , 4.1018198408995782955 , 0.96022718730978517954 , -2.1813654662800079365
10.475083324053390044 , 7.0194926605294671873 , 3.8779000069396740713 , 0.73630735334988095531 , -2.4052853002399121607
10.563047918353904109 , 6.7907209495559950341 , 3.6491282959662019181 , 0.50753564237640880208 , -2.6340570112133843139
10.651012512654418174 , 6.5563517177675647574 , 3.4147590641777716414 , 0.27316641058797852537 , -2.8684262430018145906
10.738977106954932239 , 6.3154684669755054571 , 3.1738758133857123411 , 0.032283159795919225132 , -3.1093094937938738909
10.826941701255446304 , 6.0669914236949935571 , 2.9253987701052004411 , -0.2161938834845926749 , -3.3577865370743857909
10.914906295555960369 , 5.8097094183041884108 , 2.6681167647143952948 , -0.47347588887539782121 , -3.6150685424651909372
11.002870889856474435 , 5.5423527224423372317 , 2.4007600688525441157 , -0.74083258473724900028 , -3.8824252383270421163
11.0908354841569885 , 5.2637283961475143101 , 2.1221357425577211941 , -1.0194569110320719219 , -4.1610495646218650379
11.178800078457502565 , 4.9729370959975280897 , 1.8313444424077349737 , -1.3102482111820581423 , -4.4518408647718512583
11.26676467275801663 , 7.8112607771928299627 , 4.6696681236030368467 , 1.5280754700132437307 , -1.6135171835765493853
11.354729267058530695 , 7.4961079940917905162 , 4.3545153405019974002 , 1.2129226869122042842 , -1.9286699666775888318
11.44269386135904476 , 7.1707709267405750353 , 4.0291782731507819193 , 0.8875856195609888033 , -2.2540070340288043127
11.530658455659558825 , 6.8379591668443477914 , 3.6963665132545546754 , 0.55477385966476155943 , -2.5868187939250315566
11.61862304996007289 , 6.5008923964170790555 , 3.3592997428272859395 , 0.21770708923749282349 , -2.9238855643523002925
11.706587644260586956 , 6.1624946382250120891 , 3.0209019846352189731 , -0.1206906689545741429 , -3.2622833225443672589
11.794552238561101021 , 5.824562838760311223 , 2.682970185170518107 , -0.45862246841927500896 , -3.600215122009068125
11.882516832861615086 , 5.4871524839384075989 , 2.3455598303486144829 , -0.79603282324117863311 , -3.9376254768309717491
11.970481427162129151 , 5.1481718697322280676 , 2.0065792161424349516 , -1.1350134374473581644 , -4.2766060910371512804
12.058446021462643216 , 4.8028796020858530724 , 1.6612869484960599564 , -1.4803057050937331596 , -4.6218983586835262756
12.146410615763157281 , 4.4426864850575125132 , 1.3010938314677193972 , -1.8404988221220737188 , -4.9820914757118668348
12.234375210063671346 , 4.0521461133024505585 , 0.91055345971265744254 , -2.2310391938771356735 , -5.3726318474669287895
12.322339804364185412 , 3.6020022533552316091 , 0.46040959976543849308 , -2.6811830538243546229 , -5.8227757074141477389
12.410304398664699477 , 3.0378692298244276415 , -0.10372342376536547448 , -3.2453160773551585905 , -6.3869087309449517065
12.498268992965213542 , 5.4430680020829731447 , 2.3014753484931800287 , -0.8401173050966130873 , -3.9817099586864062033
12.586233587265727607 , 4.6326422555430948336 , 1.4910496019533017176 , -1.6505430516364913984 , -4.7921357052262845144
12.674198181566241672 , 3.9581218604456682719 , 0.81652920685587515592 , -2.3250634467339179601 , -5.466656100323710632
12.762162775866755737 , 3.4310913380493350822 , 0.28949868445954196616 , -2.8520939691302511498 , -5.9936866227200447099
12.850127370167269802 , 2.9846370587580595135 , -0.15695559483173360249 , -3.2985482484215267185 , -6.4401409020113202786
