-1.0500000000000000444 , nan
-1.0290000000000001368 , nan
-1.0080000000000002292 , nan
-0.9870000000000002105 , nan
-0.96600000000000019185 , nan
-0.94500000000000017319 , nan
-0.92400000000000015454 , nan
-0.90300000000000013589 , nan
-0.88200000000000011724 , nan
-0.86100000000000009859 , nan
-0.84000000000000007994 , nan
-0.81900000000000006128 , nan
-0.79800000000000004263 , nan
-0.77700000000000002398 , nan
-0.75600000000000000533 , nan
-0.73499999999999998668 , nan
-0.71399999999999996803 , nan
-0.69299999999999994937 , nan
-0.67199999999999993072 , nan
-0.65099999999999991207 , nan
-0.62999999999999989342 , nan
-0.60899999999999987477 , nan
-0.58799999999999985612 , nan
-0.56699999999999983746 , nan
-0.54599999999999981881 , nan
-0.52499999999999980016 , nan
-0.50399999999999978151 , nan
-0.48299999999999976286 , nan
-0.4619999999999997442 , nan
-0.44099999999999972555 , nan
-0.4199999999999997069 , nan
-0.39899999999999968825 , nan
-0.3779999999999996696 , nan
-0.35699999999999965095 , nan
-0.33599999999999963229 , nan
-0.31499999999999961364 , nan
-0.29399999999999959499 , nan
-0.27299999999999957634 , nan
-0.25199999999999955769 , nan
-0.23099999999999956679 , nan
-0.20999999999999957589 , nan
-0.188999999999999585 , nan
-0.1679999999999995941 , nan
-0.14699999999999960321 , nan
-0.12599999999999961231 , nan
-0.10499999999999960754 , nan
-0.083999999999999602762 , nan
-0.062999999999999597988 , nan
-0.041999999999999593214 , nan
-0.02099999999999959191 , nan
4.0939474033052647428e-16 , nan
0.021000000000000410699 , nan
0.042000000000000412004 , nan
0.063000000000000416778 , nan
0.084000000000000421552 , nan
0.10500000000000042633 , nan
0.12600000000000041722 , nan
0.14700000000000040812 , nan
0.16800000000000039901 , nan
0.18900000000000038991 , nan
0.21000000000000038081 , nan
0.2310000000000003717 , nan
0.25200000000000039035 , nan
0.27300000000000040901 , nan
0.29400000000000042766 , nan
0.31500000000000044631 , nan
0.33600000000000046496 , nan
0.35700000000000048361 , nan
0.37800000000000050226 , nan
0.39900000000000052092 , nan
0.42000000000000053957 , nan
0.44100000000000055822 , nan
0.46200000000000057687 , nan
0.48300000000000059552 , nan
0.50400000000000055866 , nan
0.52500000000000057732 , nan
0.54600000000000059597 , nan
0.56700000000000061462 , nan
0.58800000000000063327 , nan
0.60900000000000065192 , nan
0.63000000000000067057 , nan
0.65100000000000068923 , nan
0.67200000000000070788 , nan
0.69300000000000072653 , nan
0.71400000000000074518 , nan
0.73500000000000076383 , nan
0.75600000000000078249 , nan
0.77700000000000080114 , nan
0.79800000000000081979 , nan
0.81900000000000083844 , nan
0.84000000000000085709 , nan
0.86100000000000087574 , nan
0.8820000000000008944 , nan
0.90300000000000091305 , nan
0.9240000000000009317 , nan
0.94500000000000095035 , nan
0.966000000000000969 , nan
0.98700000000000098765 , nan
1.0080000000000008953 , nan
1.0290000000000008029 , nan
1.0500000000000007105 , nan
